4.1706535707025e-07,3.014722964317313e-07,6.955592251385122e-07,1.4776931358128284e-05
4.188160906067093e-07,3.0262722607697137e-07,7.019932666825561e-07,1.4508186055031022e-05
4.203168094071044e-07,3.036425524317912e-07,7.077839804628416e-07,1.4242267478049494e-05
4.2155823493837023e-07,3.045162307618969e-07,7.128952014509712e-07,1.3980167524544311e-05
4.225342866619756e-07,3.052496084891554e-07,7.172961577017698e-07,1.3722945932307876e-05
4.232401321871242e-07,3.0584386255854626e-07,7.209620967271005e-07,1.3471594372880314e-05
4.236714776342119e-07,3.0629848729818736e-07,7.238732990132607e-07,1.3226965740323006e-05
4.2382456453270615e-07,3.066117144261204e-07,7.260147419391058e-07,1.298977499457574e-05
4.236956097421304e-07,3.067811957002256e-07,7.273770908210855e-07,1.2760603839292638e-05
4.232802861222306e-07,3.06804274961228e-07,7.279570139315992e-07,1.2539897050189045e-05
4.225740038827035e-07,3.066780562350121e-07,7.27756469510975e-07,1.2328006450413135e-05
4.2157283802545467e-07,3.063994504214973e-07,7.267817353451002e-07,1.2125324462220233e-05
4.202741558013213e-07,3.059657039906655e-07,7.250428287650295e-07,1.1932455082050265e-05
4.1867610216738613e-07,3.053758435519288e-07,7.225541377837357e-07,1.1750264917210616e-05
4.1677670315383797e-07,3.046321496127832e-07,7.193366020711643e-07,1.1579743695857898e-05
4.1457389151417644e-07,3.0373988021642325e-07,7.1541979799177e-07,1.1421795693982014e-05
4.1206615209371893e-07,3.027053270325797e-07,7.108417615345047e-07,1.1277108700963968e-05
4.092528859787431e-07,3.015344243253111e-07,7.056464542187382e-07,1.1146192599078633e-05
4.061348798544265e-07,3.002325357850201e-07,6.998795838458968e-07,1.1029611234446648e-05
4.027152056599343e-07,2.9880467586765705e-07,6.935845139462678e-07,1.0928244123492068e-05
3.9899970381760225e-07,2.972563242838848e-07,6.868005847129292e-07,1.0843343677729583e-05
3.949971438099393e-07,2.955942694544383e-07,6.795641628593822e-07,1.0776380494036521e-05
3.9071982814363006e-07,2.938262366886231e-07,6.719113612439906e-07,1.0728839380759993e-05
3.8618376769168466e-07,2.919597030820718e-07,6.638799379861907e-07,1.0702053810483144e-05
3.8140776967367636e-07,2.9000113368472625e-07,6.555080693643161e-07,1.0697087554518788e-05
3.764122577644683e-07,2.8795579210924213e-07,6.468318374260298e-07,1.0714670004489861e-05
3.7121827984151994e-07,2.858277597502943e-07,6.378847118799691e-07,1.0755185478300709e-05
3.658473969496987e-07,2.8362052123173284e-07,6.286986084164532e-07,1.0818700976125e-05
3.603230035089538e-07,2.8133867601784674e-07,6.193044727847982e-07,1.0905001110009301e-05
3.5467105454336e-07,2.789897784433486e-07,6.097337952340701e-07,1.1013597597672293e-05
3.489188719602795e-07,2.765841692413649e-07,6.000238548424308e-07,1.114371418253596e-05
3.430939244005357e-07,2.741329414004016e-07,5.90225051329601e-07,1.1294292497555945e-05
3.372231276992714e-07,2.716466248331197e-07,5.804050999287898e-07,1.146405089556689e-05
3.3133164572018804e-07,2.6913521112679186e-07,5.706468142320676e-07,1.1651571679203226e-05
3.2544209319667804e-07,2.666080058004875e-07,5.610402445280256e-07,1.1855393266068733e-05
3.1957575934754506e-07,2.6407342860228855e-07,5.516722586054201e-07,1.2074111480339395e-05
3.137551552851416e-07,2.615393898335967e-07,5.42617943954651e-07,1.2306464237760107e-05
3.080050931599285e-07,2.5901319878374285e-07,5.339376347622889e-07,1.2551355440231925e-05
3.023521481519112e-07,2.565008990556049e-07,5.256802872729678e-07,1.280782292960636e-05
2.968244269448255e-07,2.540077116663238e-07,5.178909752582366e-07,1.307498907164126e-05
2.914507338580711e-07,2.5153951336447766e-07,5.106171074086419e-07,1.3352006550459946e-05
2.862585090349543e-07,2.491031426529573e-07,5.039082868820086e-07,1.3637987046381205e-05
2.8127251416287214e-07,2.467057138858602e-07,4.978116826004369e-07,1.3931913821918561e-05
2.7651471548711534e-07,2.443551899705787e-07,4.923677070942706e-07,1.423257225743086e-05
2.720038716073935e-07,2.420618994903429e-07,4.876066369936979e-07,1.4538557153699902e-05
2.6775445708264465e-07,2.3983978479227165e-07,4.835466155478267e-07,1.4848377076281375e-05
2.637759486252712e-07,2.3770740384859692e-07,4.801950622380819e-07,1.5160579421557757e-05
2.6007334954900604e-07,2.3568799884902377e-07,4.775520941162678e-07,1.5473804293346624e-05
2.566496653935804e-07,2.3380756310767888e-07,4.756132098484581e-07,1.5786773161872955e-05
2.5350917393182266e-07,2.320909212094596e-07,4.743709966314538e-07,1.6098273340986473e-05
2.506579389756759e-07,2.3055812640675996e-07,4.7381581846925574e-07,1.640715645893329e-05
2.4810159711649236e-07,2.2922437045364886e-07,4.7393459148568106e-07,1.6712323324496396e-05
2.4584375594974924e-07,2.281029884433952e-07,4.7470790215261364e-07,1.701269389304668e-05
2.438852008833443e-07,2.2720755088316172e-07,4.7610752156388423e-07,1.730720623093597e-05
2.422231231779468e-07,2.2655061596475148e-07,4.78096291645458e-07,1.7594848848752266e-05
2.408512897906808e-07,2.26141524036806e-07,4.806315693814888e-07,1.7874689527703634e-05
2.397607183096121e-07,2.2598664743558769e-07,4.836725590122429e-07,1.814588765185209e-05
2.3893956641321736e-07,2.2609111239432202e-07,4.871870655806586e-07,1.840767605959635e-05
2.383728721723643e-07,2.2645956725503354e-07,4.911508257702615e-07,1.865930319664129e-05
2.3804336014807514e-07,2.2709643525374497e-07,4.955411786103878e-07,1.889996486069691e-05
2.379326809622353e-07,2.2800600811906037e-07,5.003330557761901e-07,1.912876918677965e-05
2.3802201353869533e-07,2.2919175687065915e-07,5.0549841763878e-07,1.934476696114688e-05
2.3829204429436851e-07,2.3065559224596262e-07,5.110051402629664e-07,1.9547025586151542e-05
2.387227896903235e-07,2.323973020889783e-07,5.168156640138632e-07,1.9734674956467305e-05
2.3929432246219287e-07,2.3441365875660072e-07,5.228885837215825e-07,1.9906896577870146e-05
2.399885912907792e-07,2.3669801973694483e-07,5.29182867679636e-07,2.006289032853424e-05
2.407909532510345e-07,2.392409217119045e-07,5.356598294889514e-07,2.0201867386007527e-05
2.416911584748964e-07,2.420310016838248e-07,5.422805268966462e-07,2.032312217549728e-05
2.4268350275040925e-07,2.450553992193863e-07,5.490028631475329e-07,2.0426156012156682e-05
2.4376464513660537e-07,2.4829908649008176e-07,5.557811979215204e-07,2.051072328870108e-05
2.4493048442520706e-07,2.517440842356798e-07,5.625664873674591e-07,2.0576774208826515e-05
2.461751527790193e-07,2.553699830344928e-07,5.693061838309876e-07,2.062437928373416e-05
2.4749140169866576e-07,2.5915525128174124e-07,5.759448837585782e-07,2.065365869850583e-05
2.488703443023747e-07,2.630789596121739e-07,5.824260783242757e-07,2.0664719017727147e-05
2.503011070218216e-07,2.671235746790039e-07,5.886952010146933e-07,2.065762252963064e-05
2.517712466340837e-07,2.712765510652321e-07,5.947032266422087e-07,2.0632386971154347e-05
2.532674315141759e-07,2.75528396858777e-07,6.004083976253937e-07,2.0588998471054585e-05
2.5477557151785856e-07,2.798700793784128e-07,6.057747184296315e-07,2.052742553618648e-05
2.562806701387767e-07,2.842922885384823e-07,6.107691786002528e-07,2.0447631397524538e-05
2.577675754043113e-07,2.8878495749999265e-07,6.153599815287013e-07,2.0349592176585164e-05
2.592219968357323e-07,2.933364446491511e-07,6.195156509933694e-07,2.023331943883312e-05
2.6063037318088325e-07,2.979334247031841e-07,6.232050166829757e-07,2.009887234483077e-05
2.6197944056084037e-07,3.0256117655007284e-07,6.263988362821917e-07,1.9946357810756005e-05
2.632567908979093e-07,3.0720373115932804e-07,6.290722051493562e-07,1.977593760374894e-05
2.644525783931457e-07,3.118443065418171e-07,6.312059335482472e-07,1.958785433149405e-05
2.655614210644055e-07,3.1646609994242e-07,6.32785845385242e-07,1.9382454564850972e-05
2.665826009699048e-07,3.2105248782112443e-07,6.338009357346963e-07,1.916017189137688e-05
2.675183768758488e-07,3.255861216401027e-07,6.34242998557911e-07,1.892148014823813e-05
2.6837240016889174e-07,3.300480078986493e-07,6.341079051283805e-07,1.8666864146869632e-05
2.691496390154891e-07,3.3441762714979626e-07,6.333955058500273e-07,1.839681854821759e-05
2.698572128733341e-07,3.3867424021126926e-07,6.321074643770906e-07,1.811185472693462e-05
2.7050420826041907e-07,3.427992415560748e-07,6.302455788819281e-07,1.7812505598026287e-05
2.7109980630369765e-07,3.467776741047676e-07,6.278116617105066e-07,1.7499336814239076e-05
2.7165180725707213e-07,3.505972091563837e-07,6.248082717403492e-07,1.7172984768556862e-05
2.721671792560401e-07,3.542464113806579e-07,6.212397920732984e-07,1.68342164702478e-05
2.726535631132644e-07,3.5771366828091976e-07,6.171131242303622e-07,1.6483965999425255e-05
2.731203848493738e-07,3.609865402589132e-07,6.124382590186181e-07,1.6123312091396422e-05
2.735789996606219e-07,3.640533587679049e-07,6.072292997832887e-07,1.5753408988256954e-05
2.7404176393753553e-07,3.669071319691081e-07,6.015046774521445e-07,1.537541630731508e-05
2.7452071472541045e-07,3.6954716797021903e-07,5.952866827662051e-07,1.4990468318322585e-05
2.750265099712563e-07,3.7197605081114717e-07,5.886012539613152e-07,1.4599688192266854e-05
2.75568384441668e-07,3.741955036203104e-07,5.814764683083327e-07,1.4204219801789252e-05
2.761556928903817e-07,3.76204822776609e-07,5.739402738003661e-07,1.380523662235331e-05
2.767994627123144e-07,3.7800113433714e-07,5.660206048374304e-07,1.3403911441909634e-05
2.775118826214793e-07,3.795795374472708e-07,5.577472560808823e-07,1.3001375189539633e-05
2.783047973073424e-07,3.809335682590314e-07,5.491524047176544e-07,1.2598706876084927e-05
2.791894370497298e-07,3.820567325895837e-07,5.402694606404307e-07,1.2196977307538389e-05
2.8017666733746326e-07,3.829439958006789e-07,5.311316822237081e-07,1.1797334343870012e-05
2.8127585213165785e-07,3.835918594470442e-07,5.217716447684875e-07,1.1401074770927464e-05
2.8249298471652445e-07,3.839974477912632e-07,5.122219014439683e-07,1.1009644476984027e-05
2.8383036306535173e-07,3.8415788644373544e-07,5.025156444576171e-07,1.0624566171145062e-05
2.852877743530268e-07,3.8407042781653826e-07,4.926870268317486e-07,1.0247333388140044e-05
2.8686320425061465e-07,3.8373285403969004e-07,4.827715026441763e-07,9.879308831263397e-06
2.885530531642859e-07,3.831435735563904e-07,4.728049557366269e-07,9.52168849292045e-06
2.9035294011279925e-07,3.8230198523247473e-07,4.6282248769129364e-07,9.175577840838042e-06
2.9225858271138485e-07,3.8120999035685464e-07,4.528593467252203e-07,8.842107933973246e-06
2.942653925634121e-07,3.798741878596221e-07,4.429533921536534e-07,8.522458832283908e-06
2.96366635846635e-07,3.783070706564145e-07,4.331462784563342e-07,8.217767455602333e-06
2.9855185713022734e-07,3.7652549971974256e-07,4.234816471879493e-07,7.929014142049553e-06
3.0080672080515926e-07,3.7454754342286586e-07,4.1400294789100965e-07,7.656965851603646e-06
3.031137335267085e-07,3.723908633896384e-07,4.0475354454243044e-07,7.402172864595256e-06
3.054535889870886e-07,3.7007295117746853e-07,3.9577567055693923e-07,7.164982237642333e-06
3.078068351061876e-07,3.67611175596835e-07,3.871066508622392e-07,6.945562340766712e-06
3.101546215167403e-07,3.650222303424749e-07,3.7877746973893353e-07,6.743984782954637e-06
3.124785975471531e-07,3.6232192102218407e-07,3.7081584393034096e-07,6.560393135954014e-06
3.147612680022625e-07,3.595254484122636e-07,3.6324932803094637e-07,6.395149927950319e-06
3.1698681746831713e-07,3.566472032359656e-07,3.5610477726492685e-07,6.248817246427793e-06
3.191417080613414e-07,3.5369974300489095e-07,3.4940601315798106e-07,6.1220062851478875e-06
3.212145264576527e-07,3.5069297195245525e-07,3.4317288871622683e-07,6.0152251118707615e-06
3.231947793365201e-07,3.476339542872561e-07,3.374214049066414e-07,5.928798410018828e-06
3.250715898766737e-07,3.4452724837873823e-07,3.321632553855646e-07,5.8629226204530336e-06
3.2683385140709527e-07,3.413759887000088e-07,3.2740557260969937e-07,5.817848990971812e-06
3.284722642042738e-07,3.381836609903266e-07,3.2315195765824554e-07,5.794024715462353e-06
3.299814505212116e-07,3.3495664238252894e-07,3.194033704491454e-07,5.792060897571548e-06
3.313596023020592e-07,3.317061872776244e-07,3.1615723476908434e-07,5.8125962243901805e-06
3.3260632320075715e-07,3.284468421790251e-07,3.134064099298338e-07,5.856164209319384e-06
3.3372121826047356e-07,3.251925341100821e-07,3.1114089264113604e-07,5.923090615802336e-06
3.3470363511191804e-07,3.219548396086177e-07,3.093503644423979e-07,6.0134167644015065e-06
3.3555303468553553e-07,3.1874319401439967e-07,3.080242666992936e-07,6.126854981702764e-06
3.362695072242245e-07,3.1556469774277737e-07,3.071525001551065e-07,6.262794068511675e-06
3.368533377373312e-07,3.12424634929797e-07,3.0672887421313486e-07,6.4203386330578625e-06
3.373040449697302e-07,3.093281123368514e-07,3.06752855282991e-07,6.598340493667726e-06
3.376208503519732e-07,3.062802894809902e-07,3.072290049515853e-07,6.7954244972204696e-06
3.378044035449078e-07,3.032846916948824e-07,3.08167253964215e-07,7.010024005726214e-06
3.378572277942659e-07,3.003421230739341e-07,3.095822061711913e-07,7.2404115842610385e-06
3.377819750454038e-07,2.9745166162086747e-07,3.114887762552335e-07,7.484723892274718e-06
3.375794740888349e-07,2.946129014175573e-07,3.138967100560148e-07,7.741006998138549e-06
3.3724827720307157e-07,2.918278985666365e-07,3.1680837610346145e-07,8.007291828836129e-06
3.3678523890964194e-07,2.891016839294144e-07,3.202204749334267e-07,8.281670505510253e-06
3.3618602109309804e-07,2.864408295953395e-07,3.2412699426991126e-07,8.562340946596727e-06
3.35445362143852e-07,2.838510197034381e-07,3.2852107301366874e-07,8.847613711811581e-06
3.3455783891794574e-07,2.81335751847431e-07,3.3339555495176013e-07,9.135881786548943e-06
3.335190915128304e-07,2.788966690783453e-07,3.387437793557318e-07,9.425567800797394e-06
3.323263044641966e-07,2.765345514481168e-07,3.445611312342264e-07,9.715096578091793e-06
3.309780246245121e-07,2.742502075720496e-07,3.5084592296665356e-07,1.0002914357818217e-05
3.294744366127252e-07,2.720446584380297e-07,3.5759917789868227e-07,1.028752247938512e-05
3.278177465899412e-07,2.6991913961394443e-07,3.648241860917417e-07,1.0567518108065918e-05
3.2601187495632573e-07,2.6787563427727145e-07,3.725247818294315e-07,1.0841662542237676e-05
3.2406198905486557e-07,2.659170810850529e-07,3.807009460132893e-07,1.1108943190324353e-05
3.2197437827105067e-07,2.640463199429417e-07,3.89344711224599e-07,1.1368565532216141e-05
3.19755947279214e-07,2.622644315747449e-07,3.984399337620877e-07,1.1619876357361772e-05
3.174134517286368e-07,2.6057000220110724e-07,4.0796401404797283e-07,1.1862278871361768e-05
3.1495361015965493e-07,2.5895980828220356e-07,4.1788838702179815e-07,1.2095190841221122e-05
3.12383436866953e-07,2.574306614649423e-07,4.2817954485781864e-07,1.2318044428838654e-05
3.097098866059043e-07,2.5598180699634774e-07,4.388023845774397e-07,1.2530288324906385e-05
3.0694010748846716e-07,2.5461597175510365e-07,4.497214915156577e-07,1.2731394934059105e-05
3.0408280002004207e-07,2.5333803587093805e-07,4.608979621762889e-07,1.2920907194317218e-05
3.0114852239477236e-07,2.521528680929994e-07,4.7228730679860476e-07,1.3098509261356452e-05
2.9814857693638913e-07,2.5106430323661444e-07,4.838426427273772e-07,1.3264079310666521e-05
2.950950848691348e-07,2.500755705500422e-07,4.95520834082619e-07,1.3417721771731586e-05
2.920019553213039e-07,2.491894590343734e-07,5.072867097761695e-07,1.3559813869751805e-05
2.888841640266861e-07,2.484075946868338e-07,5.191122020556448e-07,1.3691043774200915e-05
2.85756022971794e-07,2.477305117977994e-07,5.309712996176815e-07,1.3812350091794531e-05
2.82630427007624e-07,2.471585808710122e-07,5.428349950976058e-07,1.3924758150112815e-05
2.7951919729502497e-07,2.466921750026595e-07,5.546694481473186e-07,1.4029203050114997e-05
2.764337138477378e-07,2.4633151179652505e-07,5.664363073063828e-07,1.4126407688152878e-05
2.733846965759767e-07,2.4607775923424766e-07,5.780936110961917e-07,1.4216841356530865e-05
2.7038102647085035e-07,2.4593402516591027e-07,5.89597336224886e-07,1.4300743873913647e-05
2.674294197452343e-07,2.4590419349702984e-07,6.009024357513998e-07,1.4378175253286133e-05
2.645356187307335e-07,2.4599095829914014e-07,6.119628080087555e-07,1.444910740825426e-05
2.61704976188228e-07,2.4619474408558173e-07,6.227312915112803e-07,1.4513608149079789e-05
2.589412501946245e-07,2.465140312232684e-07,6.331600890976539e-07,1.4572021179300339e-05
2.562455023881267e-07,2.469467773994413e-07,6.432012671990679e-07,1.462495429329788e-05
2.5361661418792306e-07,2.4749093928606983e-07,6.52807068647598e-07,1.467308857453832e-05
2.510526724480408e-07,2.4814362623143145e-07,6.619301085721764e-07,1.4716990834351467e-05
2.485524991730129e-07,2.489003299018394e-07,6.705236928784656e-07,1.4757054222156146e-05
2.461169475451633e-07,2.497545822225692e-07,6.785432275169755e-07,1.4793621777286585e-05
2.437488969255842e-07,2.5069816137585656e-07,6.859492778868808e-07,1.48272455022987e-05
2.414519233306725e-07,2.517221103456114e-07,6.927103532768749e-07,1.4858872866540446e-05
2.3922899402348013e-07,2.5281892303006265e-07,6.9880304701832e-07,1.4889813471897406e-05
2.3708203380404467e-07,2.539849158718811e-07,7.042094261655912e-07,1.4921571659619244e-05
2.3501237587809838e-07,2.552195099131148e-07,7.08913946659501e-07,1.495567881089487e-05
2.330210741071847e-07,2.565225227398183e-07,7.129033186047465e-07,1.4993562689651965e-05
2.3110816190016855e-07,2.5789400059386485e-07,7.161706010000649e-07,1.5036456167830206e-05
2.2927168397374328e-07,2.593351354950884e-07,7.18720729619863e-07,1.50853443748918e-05
2.2750784835806908e-07,2.608468830336397e-07,7.205735948416179e-07,1.5140940017478607e-05
2.2581253895696412e-07,2.62428054516522e-07,7.217624779218473e-07,1.5203686984876114e-05
2.2418276650192532e-07,2.6407570782856626e-07,7.223282425275862e-07,1.5273796704082878e-05
2.2261648962325376e-07,2.6578772515249865e-07,7.223125228549951e-07,1.5351286909729867e-05
2.2111133106858077e-07,2.67564990166438e-07,7.217530798836002e-07,1.5435980460615854e-05
2.196638732266313e-07,2.694114075670634e-07,7.206819706432106e-07,1.552747491531523e-05
2.1827075579676924e-07,2.7133349426942266e-07,7.191256957902488e-07,1.56251272667164e-05
2.169313270511331e-07,2.733410550723286e-07,7.17106032550514e-07,1.572808271219459e-05
2.1564906125651007e-07,2.754471700709217e-07,7.146403752288624e-07,1.5835348415639608e-05
2.1442996080742027e-07,2.776657583029795e-07,7.11741812685543e-07,1.5945874819552835e-05
2.1328050709625465e-07,2.800081075823676e-07,7.084205734668826e-07,1.6058602235396427e-05
2.1220761455212397e-07,2.824808801186317e-07,7.046874587886484e-07,1.6172485467816656e-05
2.112199454565749e-07,2.850860644648244e-07,7.005568622379057e-07,1.6286534057633728e-05
2.1032864020082566e-07,2.8782211852156684e-07,6.960472324952539e-07,1.639985631371016e-05
2.09545919289459e-07,2.906862956971013e-07,6.911821070321867e-07,1.6511670153503215e-05
2.0888304602758782e-07,2.936771689443361e-07,6.859953513471278e-07,1.6621282155388754e-05
2.0835012487532907e-07,2.967951174423297e-07,6.805368424459558e-07,1.6728053894962233e-05
2.0795682184636305e-07,3.000409781621086e-07,6.748722706932364e-07,1.6831357387917748e-05
2.0771216796708989e-07,3.034147451117701e-07,6.6907684743029e-07,1.6930533550365035e-05
2.076237023593685e-07,3.069146219375245e-07,6.63227437037852e-07,1.702488948211416e-05
2.0769703758085878e-07,3.1053612770574585e-07,6.57395993280047e-07,1.7113734737678037e-05
2.0793589952209332e-07,3.142713325394461e-07,6.516443699162818e-07,1.7196410439654e-05
2.083420912769533e-07,3.181083976845284e-07,6.460213578720368e-07,1.727228939469156e-05
2.089163003069045e-07,3.2203176869444964e-07,6.405630323090638e-07,1.7340778131596694e-05
2.0965982149280747e-07,3.2602262888767354e-07,6.352956881999078e-07,1.7401343219292164e-05
2.1057447548958625e-07,3.3005889702688244e-07,6.302400509450305e-07,1.7453533244425016e-05
2.116609436304068e-07,3.341151395439377e-07,6.254147809709162e-07,1.749699229273086e-05
2.129188144236172e-07,3.381632901563368e-07,6.208372698013131e-07,1.753151155310535e-05
2.1434818032521343e-07,3.421744160301826e-07,6.165217538261251e-07,1.7557098539389605e-05
2.1595057378556447e-07,3.461208531846256e-07,6.124773281021128e-07,1.757398432190552e-05
2.1772829744133e-07,3.4997814335305763e-07,6.087085674760135e-07,1.7582554675273487e-05
2.196823969535985e-07,3.5372629328442967e-07,6.052172289085263e-07,1.7583251529028235e-05
2.2181114206206378e-07,3.5734896316687995e-07,6.020020641173724e-07,1.7576489078245055e-05
2.24109951304314e-07,3.608307677408902e-07,5.990582375884259e-07,1.75626002936819e-05
2.265713779125009e-07,3.6415530184204657e-07,5.963789382909897e-07,1.7541809592746453e-05
2.291848045481101e-07,3.673048793293769e-07,5.939577568101138e-07,1.7514249128200032e-05
2.3193698010619435e-07,3.702609570152065e-07,5.917889227607139e-07,1.7480018739203516e-05
2.34813288263519e-07,3.7300488245290867e-07,5.898650466346186e-07,1.7439223477107384e-05
2.377983281648808e-07,3.755193463986922e-07,5.881746009874209e-07,1.7391947338210197e-05
2.408755194881881e-07,3.777905426890813e-07,5.867011112106382e-07,1.733820849484453e-05
2.440270647430284e-07,3.798098555496378e-07,5.854238309192682e-07,1.7277986871998875e-05
2.4723507047631304e-07,3.8157343394315796e-07,5.843189781227612e-07,1.721138593509803e-05
2.504828590095478e-07,3.830795877721544e-07,5.833604449604985e-07,1.7138806864097963e-05
2.537549787620154e-07,3.8432602395730465e-07,5.825203465403947e-07,1.7060926454608382e-05
2.570359939330197e-07,3.8530916729595225e-07,5.817725813059629e-07,1.697855356633301e-05
2.603094873954858e-07,3.860254347865124e-07,5.810981582392423e-07,1.6892571756785692e-05
2.6355786666647766e-07,3.86472105407744e-07,5.80486557199072e-07,1.680393008600708e-05
2.6676237248988586e-07,3.866472618580068e-07,5.799327860862025e-07,1.671358921136529e-05
2.699030009473282e-07,3.865506119445869e-07,5.794335694014539e-07,1.6622466064607522e-05
2.729593619139289e-07,3.861845051245435e-07,5.789845606238763e-07,1.653140852001187e-05
2.759134730103805e-07,3.855535766333653e-07,5.785791755702348e-07,1.6441173751505558e-05
2.787522983220237e-07,3.846648686822584e-07,5.782081970220277e-07,1.63524029208431e-05
2.814669871947399e-07,3.835289751521693e-07,5.778599968911718e-07,1.6265616084159174e-05
2.84050196522235e-07,3.821597925877355e-07,5.775215296080522e-07,1.618122570269472e-05
2.864944258195873e-07,3.8057293867860345e-07,5.771786502790615e-07,1.609953817382506e-05
2.887919397033618e-07,3.78784899044944e-07,5.768159439809625e-07,1.6020740451097503e-05
2.909357502800517e-07,3.768132840283807e-07,5.764171473588784e-07,1.594488322491109e-05
2.9292049383536623e-07,3.746764424724195e-07,5.759655357094646e-07,1.5871860834559893e-05
2.94742192846245e-07,3.7239171806585713e-07,5.754439907062845e-07,1.580140297466767e-05
2.9639748495038517e-07,3.699742807891524e-07,5.748349226410371e-07,1.5733099477184824e-05
2.978835078888667e-07,3.674373511812315e-07,5.741202312377043e-07,1.5666466940588445e-05
2.991984023304019e-07,3.647927707923319e-07,5.732818929689748e-07,1.5601044049098853e-05
3.003414951704701e-07,3.6205156479130824e-07,5.723031941351358e-07,1.553646254081472e-05
3.013126165568239e-07,3.5922478614622934e-07,5.711698026622601e-07,1.5472451248534697e-05
3.021109977883103e-07,3.563239002504879e-07,5.698692871609507e-07,1.5408795051819948e-05
3.027351089143169e-07,3.5335963201732725e-07,5.683890871740337e-07,1.5345289501105617e-05
3.031837024595151e-07,3.5034046973295e-07,5.667151451614722e-07,1.5281700590361927e-05
3.034569324874599e-07,3.4727291042714117e-07,5.648324285241629e-07,1.521772981015161e-05
3.035569268250791e-07,3.441635365242811e-07,5.627270814585555e-07,1.5153005669531067e-05
3.0348768421765426e-07,3.4102109538840306e-07,5.603891877392514e-07,1.5087112440835642e-05
3.03254491537273e-07,3.378568650512131e-07,5.578135726402656e-07,1.5019617820926354e-05
3.0286344791894177e-07,3.34683305512966e-07,5.549977321609982e-07,1.4950067187297129e-05
3.023212808329454e-07,3.315126388346857e-07,5.519392390417021e-07,1.4877975366303175e-05
3.0163567048353337e-07,3.2835698546732764e-07,5.486344170219972e-07,1.4802858253750283e-05
3.008169036016616e-07,3.2522889647623557e-07,5.45078292761852e-07,1.4724313449629113e-05
2.998798465110281e-07,3.2214043661510875e-07,5.412656408730995e-07,1.4642115122516171e-05
2.988433897446969e-07,3.191017113553059e-07,5.37193212952948e-07,1.4556229637981512e-05
2.977279303320526e-07,3.161200155974493e-07,5.328619972267306e-07,1.4466709835290227e-05
2.965535983952457e-07,3.1319969914690325e-07,5.282770407478596e-07,1.4373568052296954e-05
2.9533883885766386e-07,3.103427202169336e-07,5.234449729936538e-07,1.427673542906662e-05
2.940990546028315e-07,3.075493635304395e-07,5.183722412701441e-07,1.4176112620590665e-05
2.9284709204752185e-07,3.048184161878499e-07,5.130651842282717e-07,1.4071647831478806e-05
2.91594920231132e-07,3.0214680165336064e-07,5.075308177189022e-07,1.3963373259909836e-05
2.903538797345815e-07,2.9952927279709807e-07,5.017775408284123e-07,1.3851405380945707e-05
2.8913371879809666e-07,2.969586590424025e-07,4.958153519001999e-07,1.3735949611391631e-05
2.879422956132899e-07,2.9442667986806784e-07,4.896559103573021e-07,1.3617306754914222e-05
2.8678573178881745e-07,2.919246874769333e-07,4.833124096931479e-07,1.3495875422937736e-05
2.8566845377905425e-07,2.8944383083873356e-07,4.7679875956346387e-07,1.3372147598154105e-05
2.84593547309092e-07,2.869752717822033e-07,4.701295765921925e-07,1.3246683045766376e-05
2.835630554615581e-07,2.8451129490646616e-07,4.633210714938754e-07,1.3120060483056985e-05
2.825778984583404e-07,2.8204676065063837e-07,4.563909744769815e-07,1.299282181173638e-05
2.816381623596367e-07,2.795799993554168e-07,4.493584123445586e-07,1.2865451753491275e-05
2.8074333808884046e-07,2.771135483710618e-07,4.422453765061085e-07,1.2738404436873442e-05
2.798915657659475e-07,2.7465413591297346e-07,4.3507855012251356e-07,1.2612112525189266e-05
2.7907909076425264e-07,2.722108059914527e-07,4.278885121373785e-07,1.2486951410557297e-05
2.783009790621834e-07,2.697928806426867e-07,4.2070625968835307e-07,1.2363210568483001e-05
2.775522674752024e-07,2.6740967815994765e-07,4.135607962594061e-07,1.2241105742123462e-05
2.768286477533741e-07,2.6507143824793174e-07,4.064793475004557e-07,1.21208444382497e-05
2.761267649728356e-07,2.6278926315214725e-07,3.9948795236679954e-07,1.2002724901461145e-05
2.7544479361319177e-07,2.6057326026934925e-07,3.9261068914061094e-07,1.1887191522665487e-05
2.74782888537941e-07,2.584309914196138e-07,3.8586871656683006e-07,1.1774810473796836e-05
2.741432194140838e-07,2.56367333162154e-07,3.7928104901930117e-07,1.1666183605292104e-05
2.73530533448374e-07,2.543847502029502e-07,3.728663670494196e-07,1.1561836703452082e-05
2.729521167425012e-07,2.5248356857410985e-07,3.6664412866921844e-07,1.1462145193861847e-05
2.724155771495584e-07,2.5066256410142524e-07,3.60635180458429e-07,1.136731986253753e-05
2.719266006339833e-07,2.489198698427034e-07,3.548621463569584e-07,1.1277418217167344e-05
2.714885261410124e-07,2.4725377163146684e-07,3.493497767640512e-07,1.1192358383810713e-05
2.7110232683269576e-07,2.4566291115136644e-07,3.441267120377798e-07,1.1111935131707127e-05
2.707664846634833e-07,2.441461986734398e-07,3.392284013393104e-07,1.1035835624091749e-05
2.7047778048417676e-07,2.427032841272119e-07,3.346985415525732e-07,1.0963650603642764e-05
2.702324252803845e-07,2.41335005412514e-07,3.305862648072794e-07,1.089488754770673e-05
2.7002651912972925e-07,2.400426898718652e-07,3.269387823643838e-07,1.0828994933196004e-05
2.6985605317058024e-07,2.388270264880057e-07,3.237941110024265e-07,1.0765393483277876e-05
2.6971640537572125e-07,2.3768838570423568e-07,3.2117881046169425e-07,1.0703498816721412e-05
2.696017257379783e-07,2.3662891251435252e-07,3.19109709462749e-07,1.0642725903064498e-05
2.695057302777557e-07,2.3565374412383127e-07,3.175956668604897e-07,1.0582491545021123e-05
2.6942384093442694e-07,2.347697369692573e-07,3.1663869916956594e-07,1.0522241402307644e-05
2.693547147255981e-07,2.3398348090766958e-07,3.1623518823333825e-07,1.0461488210873347e-05
2.69300024338206e-07,2.3329995749572612e-07,3.163758284066287e-07,1.0399826012481804e-05
2.6926308893388384e-07,2.3272237644324398e-07,3.1704449575902055e-07,1.0336926803719664e-05
2.6924772935879704e-07,2.322536493107913e-07,3.1821843841805136e-07,1.0272540633481502e-05
2.69258676430716e-07,2.318979114844244e-07,3.198701971400146e-07,1.0206496023425964e-05
2.693027357246957e-07,2.3166020022401685e-07,3.219694260813417e-07,1.0138698178371398e-05
2.6938776001045464e-07,2.315449039502529e-07,3.244834183549448e-07,1.0069130077313056e-05
2.695198219433273e-07,2.3155469612025858e-07,3.2737724529038986e-07,9.997852917514056e-06
2.697023688151861e-07,2.316902758693273e-07,3.306150797513309e-07,9.924987554233758e-06
2.6993781209660675e-07,2.319503599721386e-07,3.3416212730616457e-07,9.85066665353253e-06
2.7022910015967394e-07,2.323320270284057e-07,3.3798501965434514e-07,9.774985015015939e-06
2.705800922761852e-07,2.3283087089506478e-07,3.4205055701563213e-07,9.697978415580636e-06
2.7099447947877485e-07,2.334403524910072e-07,3.463245187503632e-07,9.619633028368816e-06
2.714739690962048e-07,2.3415180133912855e-07,3.5077142122047265e-07,9.539935277345716e-06
2.72017190757834e-07,2.3495568532275976e-07,3.5535479466604936e-07,9.458949724798213e-06
2.7261958722857597e-07,2.3584323382450642e-07,3.6003717240933253e-07,9.376843453991446e-06
2.732738826148553e-07,2.368076988318781e-07,3.647800843125386e-07,9.29382138434757e-06
2.73970806234842e-07,2.3784421578529487e-07,3.695447267596661e-07,9.210058732067586e-06
2.7469990483944577e-07,2.389492430442587e-07,3.742927619970129e-07,9.125705458348622e-06
2.754510920949272e-07,2.401208420332473e-07,3.7898701861873217e-07,9.04095429558334e-06
2.7621732751317265e-07,2.413580928565174e-07,3.835923334704781e-07,8.956137124474192e-06
2.7699690265104704e-07,2.4265989039209304e-07,3.8807570128413634e-07,8.871772590325053e-06
2.7779308159125373e-07,2.440251240143743e-07,3.9240592730262544e-07,8.788490008636644e-06
2.7861109023299194e-07,2.45453214927589e-07,3.965545935373562e-07,8.706895107158796e-06
2.7945485728058344e-07,2.4694357548823e-07,4.004978180326862e-07,8.627500251739696e-06
2.803254906861361e-07,2.48494791225632e-07,4.042166378356972e-07,8.550719793989494e-06
2.812213659367861e-07,2.5010493851579427e-07,4.076962901560985e-07,8.476865273713887e-06
2.821384761164801e-07,2.517727474597805e-07,4.1092571146995023e-07,8.406129145984456e-06
2.830707978545838e-07,2.534976671450677e-07,4.1389700022508047e-07,8.338580113190724e-06
2.84011489093578e-07,2.5527847962012985e-07,4.16603899321286e-07,8.274177677846964e-06
2.8495424283974884e-07,2.571121067530357e-07,4.1903984000585255e-07,8.212804289309297e-06
2.8589337886101735e-07,2.5899376620924405e-07,4.211972641396198e-07,8.154303212438795e-06
2.868230569550764e-07,2.609183846630197e-07,4.2306850991112685e-07,8.098501214725391e-06
2.877370402869889e-07,2.6288179744467937e-07,4.246479354963767e-07,8.045214523302466e-06
2.8862909422697074e-07,2.6488050694740064e-07,4.259352507290251e-07,7.994242667113968e-06
2.8949295685292486e-07,2.669114281385039e-07,4.2693833245078037e-07,7.945372367626284e-06
2.903218689616681e-07,2.6897303736760585e-07,4.276734328035794e-07,7.898464463979762e-06
2.9110834993077286e-07,2.71065912525748e-07,4.2816251434393726e-07,7.853604190349918e-06
2.918441523716261e-07,2.731909144655533e-07,4.28428898625788e-07,7.811152185496053e-06
2.925200928183629e-07,2.7534739920338106e-07,4.284938314727287e-07,7.771681441363795e-06
2.9312585334469553e-07,2.775334036703056e-07,4.2837563441461397e-07,7.735918170967067e-06
2.9365018569489664e-07,2.7974639086836355e-07,4.280897196149154e-07,7.704663730809573e-06
2.9408187391992396e-07,2.819835438861449e-07,4.2764787407791423e-07,7.678671527334182e-06
2.944114353436437e-07,2.842413524500063e-07,4.270579982345858e-07,7.658549833609012e-06
2.946329242260665e-07,2.865146076656884e-07,4.263250278052614e-07,7.644713789377871e-06
2.947441901526236e-07,2.8879592460734923e-07,4.254520406990673e-07,7.63737569722849e-06
2.9474475786198287e-07,2.910761617467961e-07,4.244412311676501e-07,7.636573767304689e-06
2.9463333942383837e-07,2.93345580165817e-07,4.232948380597696e-07,7.642222683419505e-06
2.94407673858348e-07,2.955948302381888e-07,4.2201547486399114e-07,7.654153523556105e-06
2.940671599302513e-07,2.9781473912252843e-07,4.2060623734462257e-07,7.672126429555248e-06
2.936158466772866e-07,2.999966034352889e-07,4.190711185108418e-07,7.695831138278225e-06
2.9306308392846237e-07,3.0213373400688517e-07,4.174148179413349e-07,7.724888406698189e-06
2.924221730612952e-07,3.042214132903885e-07,4.156422106120499e-07,7.75884641851461e-06
2.917084959421743e-07,3.062548983099362e-07,4.137587946655524e-07,7.797180326753865e-06
2.909381102639079e-07,3.082284899274161e-07,4.117712934733281e-07,7.839310615427983e-06
2.901271515171717e-07,3.1013626414477894e-07,4.096872230505664e-07,7.884643029725705e-06
2.8929077796228663e-07,3.1197264565376885e-07,4.0751449386406823e-07,7.932631658322415e-06
2.884415354219059e-07,3.137320030284601e-07,4.052624970141346e-07,7.982840212717199e-06
2.8758853696205005e-07,3.15407754155236e-07,4.029436020304197e-07,8.034960566045751e-06
2.86737534731685e-07,3.169919626983028e-07,4.0057253869114864e-07,8.088786531763496e-06
2.858915589362719e-07,3.1847607263263194e-07,3.981636259735924e-07,8.144159991094929e-06
2.850520861257896e-07,3.198519880748929e-07,3.9572835446989594e-07,8.200904610558549e-06
2.842201487564125e-07,3.2111209330206716e-07,3.932747185214357e-07,8.258773962695334e-06
2.8339686529966604e-07,3.222485168683231e-07,3.9080747273603116e-07,8.317438951962328e-06
2.825831921842172e-07,3.23252607624421e-07,3.8832837434127467e-07,8.376517154203973e-06
2.817791556123085e-07,3.2411462823882715e-07,3.858372072739326e-07,8.435621457191698e-06
2.8098348513986225e-07,3.248246355852955e-07,3.8333486121008136e-07,8.494397877267935e-06
2.801939106703059e-07,3.2537526182597707e-07,3.8082672829173476e-07,8.552534976889588e-06
2.794074106183779e-07,3.2576368951076877e-07,3.7832279147895386e-07,8.609749493981552e-06
2.786203144047506e-07,3.259905740125987e-07,3.7583457267741795e-07,8.66578087663237e-06
2.778290001011716e-07,3.260577755475884e-07,3.7337217080540593e-07,8.720420499187399e-06
2.7703104871162793e-07,3.2596725596184545e-07,3.709428842317361e-07,8.773536097197795e-06
2.762255955809876e-07,3.257213420336564e-07,3.685516917894204e-07,8.825039780612646e-06
2.754123972380706e-07,3.253230832152191e-07,3.6620285776277363e-07,8.874823723920277e-06
2.745905914890245e-07,3.247761456388777e-07,3.6390084741149726e-07,8.922719585240551e-06
2.737581599710216e-07,3.240851243551643e-07,3.6165047279801703e-07,8.968522615287222e-06
2.729122727420783e-07,3.2325598972146286e-07,3.594564584022402e-07,9.012091847292693e-06
2.72050218647938e-07,3.222962214986258e-07,3.573225149445608e-07,9.053453290349197e-06
2.711701529377834e-07,3.212148092399004e-07,3.552518316422446e-07,9.09280617869344e-06
2.7027105234469207e-07,3.200213153656431e-07,3.532485382589797e-07,9.130433531113407e-06
2.693520198830965e-07,3.1872453249314604e-07,3.513172610081433e-07,9.166595107210457e-06
2.684118343491837e-07,3.173322709289366e-07,3.494612169758953e-07,9.20147312227805e-06
2.67450304899058e-07,3.1585199127051965e-07,3.476814610816702e-07,9.235206893160516e-06
2.664711058571425e-07,3.142911113892197e-07,3.4597733086455693e-07,9.267990343381979e-06
2.654828825483631e-07,3.1265647918550983e-07,3.443463710752493e-07,9.30014276230686e-06
2.6449743447315946e-07,3.109534904643401e-07,3.42783827232657e-07,9.332080163927244e-06
2.6352749208149673e-07,3.0918545376402843e-07,3.412833275357503e-07,9.364214567411716e-06
2.625853723000989e-07,3.073534839274599e-07,3.398396566075143e-07,9.39686363273224e-06
2.6168201075364845e-07,3.0545714539912897e-07,3.3845274706256426e-07,9.430209839038677e-06
2.608268923165066e-07,3.034955119785519e-07,3.3713051522202556e-07,9.464301821902431e-06
2.600287447136543e-07,3.0146803845891963e-07,3.358880365204202e-07,9.499069665808316e-06
2.592954234547684e-07,2.993748134165496e-07,3.3474321944038764e-07,9.53434519857111e-06
2.5863289698742967e-07,2.9721617611687414e-07,3.3371415286752036e-07,9.569959524241977e-06
2.580446654259807e-07,2.9499229420041666e-07,3.328219252063182e-07,9.60595795461131e-06
2.575317434889321e-07,2.9270333766312325e-07,3.320954789342709e-07,9.642777742421826e-06
2.57092848825897e-07,2.9035037641559967e-07,3.315741745158476e-07,9.681218090974487e-06
2.5672515658031323e-07,2.8793632866515257e-07,3.313064328301849e-07,9.722261653854483e-06
2.5642517688331925e-07,2.8546653417873804e-07,3.313443382788093e-07,9.76688894922965e-06
2.5618908247974816e-07,2.829490539769293e-07,3.3173668216762963e-07,9.815958665956613e-06
2.560131858700775e-07,2.803941745863688e-07,3.325232756767335e-07,9.870257626962244e-06
2.558946979951816e-07,2.778129478672292e-07,3.3373195589718546e-07,9.930722029652907e-06
2.5583157598601033e-07,2.752157122400686e-07,3.353788213373936e-07,9.998586150643401e-06
2.558214799626395e-07,2.726115896312159e-07,3.374714979055173e-07,1.007529987365237e-05
2.5586137701702646e-07,2.700090687984007e-07,3.4001436473925254e-07,1.0162334046454826e-05
2.559483451007516e-07,2.674168188598208e-07,3.430122391760853e-07,1.0261016860066276e-05
2.560801779194855e-07,2.648438144921711e-07,3.464697130952554e-07,1.037243425228578e-05
2.5625489986173947e-07,2.6229888788681226e-07,3.503877103640731e-07,1.0497378463072404e-05
2.564701875096363e-07,2.597907508707828e-07,3.54759981527472e-07,1.0636315375062744e-05
2.5672316391276305e-07,2.5732849016915536e-07,3.5957164501622774e-07,1.0789362172434874e-05
2.5701018014118013e-07,2.549211445738975e-07,3.6480103271807384e-07,1.095629415421782e-05
2.5732723582664705e-07,2.5257621127761433e-07,3.704231228283525e-07,1.1136585633566543e-05
2.576711905417728e-07,2.502987042891102e-07,3.764113093167488e-07,1.1329457348659269e-05
2.580399381697005e-07,2.4809164447031004e-07,3.8273657152320855e-07,1.1533906968668855e-05
2.584309803181805e-07,2.4595717956374733e-07,3.893664590398988e-07,1.174874209296191e-05
2.588403211316849e-07,2.4389795365623787e-07,3.962659666568365e-07,1.1972637854178325e-05
2.5926246601494865e-07,2.419196366701776e-07,4.033986573270186e-07,1.2204207456452127e-05
2.596910457750121e-07,2.4003373084904776e-07,4.107259835122168e-07,1.2442070315990647e-05
2.601198371076848e-07,2.382571507229485e-07,4.1820590113353616e-07,1.2684895006288382e-05
2.605434085344042e-07,2.3660847361872212e-07,4.257930108929884e-07,1.293139264775963e-05
2.609572297082709e-07,2.351052559215534e-07,4.334411043106205e-07,1.318028671593262e-05
2.613581307754869e-07,2.3376358439244572e-07,4.411071165061938e-07,1.34303039262608e-05
2.617447401003904e-07,2.3259774613432397e-07,4.487549593525713e-07,1.3680176628536325e-05
2.6211651213467217e-07,2.3161959967996245e-07,4.563579324695211e-07,1.3928622794124057e-05
2.6247208983923416e-07,2.3083769906934853e-07,4.6389718221856575e-07,1.4174311467369102e-05
2.628089657539406e-07,2.302564113447135e-07,4.7135568638921527e-07,1.441584872691874e-05
2.631241864342941e-07,2.2987591296960935e-07,4.787127950395247e-07,1.4651812853029983e-05
2.63415068845357e-07,2.2969290646533128e-07,4.859435863468919e-07,1.4880847337415622e-05
2.636798173749777e-07,2.297018274508707e-07,4.930209594725457e-07,1.5101760873740313e-05
2.639177824305931e-07,2.2989655042132035e-07,4.999166956376575e-07,1.5313558273005045e-05
2.64129516373606e-07,2.3027155323177096e-07,5.06601390071791e-07,1.55154118957409e-05
2.643171818548943e-07,2.308216250977264e-07,5.13044792603181e-07,1.570663547994532e-05
2.64484571611512e-07,2.3154097026820337e-07,5.192162153565258e-07,1.5886667983674186e-05
2.6463606465823077e-07,2.3242395135160933e-07,5.250847142318958e-07,1.605504305386786e-05
2.647758135056925e-07,2.3346785493623924e-07,5.306200618910365e-07,1.6211347399854775e-05
2.649082637259404e-07,2.346748962113815e-07,5.357937194085502e-07,1.6355225126554455e-05
2.6503964270068087e-07,2.360517287644024e-07,5.405782986095898e-07,1.6486481043173896e-05
2.6517971702376836e-07,2.3760746116779357e-07,5.449472875886985e-07,1.6605216754756733e-05
2.65342261032374e-07,2.3935130724768875e-07,5.488769055489044e-07,1.6711870650316518e-05
2.655429410188454e-07,2.4129010200678877e-07,5.523478757346639e-07,1.6807126035461547e-05
2.6579674498667735e-07,2.434263160608445e-07,5.553454596407608e-07,1.6891756015712535e-05
2.6611794502402547e-07,2.4575794828171397e-07,5.578595468908194e-07,1.6966488195958075e-05
2.665218450688785e-07,2.4827976187292625e-07,5.598847999760215e-07,1.7031923911648684e-05
2.670251769753743e-07,2.509841770657663e-07,5.614192879567698e-07,1.708850430808894e-05
2.6764372678466247e-07,2.538625336419332e-07,5.624627502451277e-07,1.713652080237296e-05
2.683893393406499e-07,2.569071743874678e-07,5.630166117901102e-07,1.717616417305603e-05
2.69268595153752e-07,2.601125337614128e-07,5.630857445341585e-07,1.7207573862203813e-05
2.702828856413804e-07,2.6347471124537873e-07,5.626792027448854e-07,1.7230858644728282e-05
2.7142936337409084e-07,2.669903927215166e-07,5.618084816954526e-07,1.724609648440025e-05
2.7270248459639226e-07,2.706552771179211e-07,5.604859297615671e-07,1.725337389247266e-05
2.740955801590694e-07,2.744623517951148e-07,5.587253551443757e-07,1.725294277878273e-05
2.756019184963265e-07,2.784010720261381e-07,5.565436399060337e-07,1.7245385957971964e-05
2.772144930326148e-07,2.824579888694805e-07,5.539611172991407e-07,1.7231572992745927e-05
2.7892527496881657e-07,2.8661817648821016e-07,5.50999915462677e-07,1.7212488763660533e-05
2.8072679745841717e-07,2.9086661864238055e-07,5.476820420095359e-07,1.7189169254247337e-05
2.826161094296502e-07,2.9518870411552936e-07,5.440291071735337e-07,1.7162710275196442e-05
2.845961746231359e-07,2.995692412321889e-07,5.400627192303562e-07,1.7134231664108495e-05
2.866730430242096e-07,3.039914940929783e-07,5.358037412084817e-07,1.7104821295130768e-05
2.8885367751114785e-07,3.084382701226586e-07,5.312708273023254e-07,1.707549215213338e-05
2.9114719013470374e-07,3.128942255780106e-07,5.264799042129722e-07,1.7047144793579485e-05
2.935667478193748e-07,3.173465326927838e-07,5.214454592214889e-07,1.7020528617996178e-05
2.9612893524711556e-07,3.217829961983479e-07,5.161821767112133e-07,1.69962031524668e-05
2.9885036518820337e-07,3.261899008965013e-07,5.107047625954134e-07,1.6974507338297475e-05
3.0174384082611426e-07,3.305515391009961e-07,5.050271771195721e-07,1.6955539510840428e-05
3.048160437441157e-07,3.34850508721707e-07,4.991635077122282e-07,1.6939157222406306e-05
3.080670912469797e-07,3.390677314566088e-07,4.931294759714625e-07,1.6925016228737743e-05
3.1149181955360477e-07,3.431828172712995e-07,4.869444416622565e-07,1.6912644787547655e-05
3.150819289042072e-07,3.471747023064957e-07,4.806366944025485e-07,1.6901523162124895e-05
3.1882781217594924e-07,3.510221144048433e-07,4.742505630460126e-07,1.6891132804730647e-05
3.2272044986458713e-07,3.547044089856041e-07,4.678483491136591e-07,1.6880948019941145e-05
3.267530838910256e-07,3.582022840032093e-07,4.6150427920000783e-07,1.687038824660401e-05
3.309205988303515e-07,3.614976266894154e-07,4.5529569161662436e-07,1.6858790732363458e-05
3.3521707732978e-07,3.6457358510605617e-07,4.492963303117713e-07,1.684542829160893e-05
3.396342210771155e-07,3.674155789378586e-07,4.4357237532719954e-07,1.6829544121346234e-05
3.441607470968189e-07,3.7001208000512856e-07,4.3818194474638043e-07,1.6810382630001776e-05
3.487814393734311e-07,3.723540203014924e-07,4.331765935684785e-07,1.678722138519107e-05
3.534764611948696e-07,3.744335972238822e-07,4.2860092366047344e-07,1.675941079788147e-05
3.582216431909503e-07,3.7624389284468325e-07,4.2449163049577844e-07,1.672641902040905e-05
3.6298918992396325e-07,3.777791028205396e-07,4.208787625005793e-07,1.6687867619092125e-05
3.6774852940616326e-07,3.790344185228847e-07,4.1778691249061134e-07,1.664353015353255e-05
3.724676046311417e-07,3.800053162339019e-07,4.152341731215469e-07,1.6593283567328735e-05
3.771148282433092e-07,3.806869951765743e-07,4.1323095821881146e-07,1.6537046581682174e-05
3.816609149725224e-07,3.810748656240575e-07,4.1178145638418094e-07,1.6474747081462383e-05
3.860790883955122e-07,3.8116586839605276e-07,4.108865699520615e-07,1.6406338601191805e-05
3.9034377425459726e-07,3.8095987111861796e-07,4.1054544653272425e-07,1.6331850066366792e-05
3.9442951652434723e-07,3.8046038647980105e-07,4.107552353879659e-07,1.6251401065886947e-05
3.9831070118355455e-07,3.796740355125562e-07,4.11510880305724e-07,1.61651526871993e-05
4.0196192708736e-07,3.7860923510900896e-07,4.128065315678646e-07,1.6073252384665725e-05
4.053600026651138e-07,3.772749128445114e-07,4.1463708096628154e-07,1.597580918001038e-05
4.0848650292279246e-07,3.756795904566848e-07,4.169976925490232e-07,1.5872901290028036e-05
4.1132748905925976e-07,3.7383098123009064e-07,4.198821005262199e-07,1.5764616832334007e-05
4.138711663545634e-07,3.717359098260565e-07,4.2327994915547294e-07,1.5651070595279873e-05
4.161079366328864e-07,3.694007582380065e-07,4.271736864493289e-07,1.553236105703391e-05
4.180335796094149e-07,3.668329422092679e-07,4.315383038209803e-07,1.5408533674032235e-05
4.1965153457222685e-07,3.640422687512307e-07,4.363452901183514e-07,1.5279604062867927e-05
4.209711502679829e-07,3.610404666404733e-07,4.4156840491828566e-07,1.5145625281155695e-05
4.2200332075656784e-07,3.5784009471031045e-07,4.471875322894157e-07,1.5006780844358665e-05
4.227574249688293e-07,3.544552441833378e-07,4.531877882526718e-07,1.4863469305785824e-05
4.232416045008812e-07,3.5090328394728644e-07,4.5955500068072575e-07,1.471630259957936e-05
4.234654168286865e-07,3.472049850251504e-07,4.662709893835946e-07,1.4565999013323288e-05
4.234430883720605e-07,3.433825087075932e-07,4.7331034862720173e-07,1.4413255072608533e-05
4.231949981404614e-07,3.394575733391388e-07,4.806401126281546e-07,1.4258669768049523e-05
4.2274524054171853e-07,3.354515973932931e-07,4.882228871499919e-07,1.4102722823807873e-05
4.2211710799912344e-07,3.3138642175894945e-07,4.960199351460883e-07,1.3945791264128553e-05
4.2133083571602e-07,3.2728410009678987e-07,5.039913723397604e-07,1.3788192120445074e-05
4.204042439608153e-07,3.231663765432197e-07,5.120951570408167e-07,1.3630251590160753e-05
4.1935375484292586e-07,3.190541260400492e-07,5.202871545896796e-07,1.3472429830422451e-05
4.181952143723229e-07,3.1496680516932297e-07,5.285223816392482e-07,1.3315436131188978e-05
4.169446386636771e-07,3.10922447265298e-07,5.367551276701059e-07,1.3160176496651356e-05
4.15617595968703e-07,3.069378005911525e-07,5.449371945382276e-07,1.3007555839183094e-05
4.142275945196565e-07,3.030280251038394e-07,5.530172100926747e-07,1.2858332282770307e-05
4.1278541759622324e-07,2.992060487645607e-07,5.609423905582738e-07,1.2713121190492705e-05
4.1129968371946407e-07,2.954818277867477e-07,5.686607654106025e-07,1.2572536409347752e-05
4.0977756586392243e-07,2.918623297732305e-07,5.761222436652034e-07,1.2437429311443974e-05
4.0822532505891546e-07,2.8835305432545507e-07,5.83279721336751e-07,1.2309079286596687e-05
4.066501585942319e-07,2.849599599746277e-07,5.900915089968528e-07,1.2189176650057312e-05
4.0506492090132883e-07,2.816896028851758e-07,5.965228116481335e-07,1.2079641866395093e-05
4.03493389851025e-07,2.785476880266136e-07,6.025446975396232e-07,1.198243375988732e-05
4.019716355233306e-07,2.755390038394157e-07,6.081325355486271e-07,1.1899415989744064e-05
4.0054451806391286e-07,2.7266968452907984e-07,6.132650059775529e-07,1.1832270709954946e-05
3.9925945027873674e-07,2.6994838031207034e-07,6.1792371670548e-07,1.1782426303693401e-05
3.9816001017674496e-07,2.673840577949371e-07,6.220937414830672e-07,1.1750984653319729e-05
3.9728215529841257e-07,2.649832808928433e-07,6.25764183336871e-07,1.1738659321294873e-05
3.966532900783032e-07,2.627501317457178e-07,6.289282113983893e-07,1.1745744303830546e-05
3.9629204814816716e-07,2.6068743153548776e-07,6.315828025222828e-07,1.1772140733409498e-05
3.962082951498052e-07,2.587965523305236e-07,6.337274183883392e-07,1.18174468147946e-05
3.9640403239458203e-07,2.570766419910664e-07,6.35361741344792e-07,1.18810640842467e-05
3.9687629959646563e-07,2.5552536717931496e-07,6.364842346710498e-07,1.1962263676683056e-05
3.97621724567421e-07,2.541399892627041e-07,6.370920016732313e-07,1.206021337676666e-05
3.986384061903545e-07,2.529169529786291e-07,6.371814980881432e-07,1.2174015574268575e-05
3.99923552368424e-07,2.518508777781545e-07,6.367504849498493e-07,1.2302774444193208e-05
4.0147173919136493e-07,2.509341732278367e-07,6.358003522712487e-07,1.2445654003369417e-05
4.032766447764162e-07,2.501575085911679e-07,6.343366067510425e-07,1.2601901350617635e-05
4.0533415521811297e-07,2.495110194007998e-07,6.323675065644103e-07,1.2770848411843048e-05
4.0764409767037867e-07,2.489854463456777e-07,6.299029604697103e-07,1.2951899192275826e-05
4.10208603544096e-07,2.4857233780872886e-07,6.269545322843335e-07,1.3144489908197324e-05
4.130278871783301e-07,2.482639473598668e-07,6.235355016987261e-07,1.3348012830568085e-05
4.1609697866769757e-07,2.4805386748411586e-07,6.196603219801851e-07,1.3561716192465985e-05
4.194061563675206e-07,2.479370610619523e-07,6.153447037887045e-07,1.3784634130503742e-05
4.229455167151837e-07,2.479083672985798e-07,6.10607408572389e-07,1.4015622103772326e-05
4.267117217039142e-07,2.479622370571912e-07,6.054715446210451e-07,1.4253490104060572e-05
4.3071291154042597e-07,2.480945139610697e-07,5.999633458225e-07,1.449711256503742e-05
4.3496770161525277e-07,2.4830296461632137e-07,5.941100701263794e-07,1.474543336987095e-05
4.3949909619184935e-07,2.48585739467138e-07,5.879386024896782e-07,1.499740618297787e-05
4.4432894398858654e-07,2.489397740804335e-07,5.814748282832898e-07,1.5251942462219186e-05
4.494746334921576e-07,2.4935978584008576e-07,5.747434932908365e-07,1.550790598806719e-05
4.549457885700407e-07,2.498380441438609e-07,5.677680016109611e-07,1.5764130271600738e-05
4.60742446422554e-07,2.5036514845408485e-07,5.605702817796524e-07,1.601939726362837e-05
4.6685659777798815e-07,2.50931060868044e-07,5.531707365245532e-07,1.627238431097949e-05
4.732749982160597e-07,2.515257607477284e-07,5.455876289957746e-07,1.6521647125102616e-05
4.799812291649235e-07,2.521392265166937e-07,5.378367474538945e-07,1.6765660324109963e-05
4.869561886095083e-07,2.527606280337984e-07,5.299325659619858e-07,1.7002893365181515e-05
4.941776857641467e-07,2.5337827184808426e-07,5.218894122274837e-07,1.7231907447006167e-05
5.016214006411997e-07,2.5398176577333605e-07,5.137209209496225e-07,1.7451443059779948e-05
5.092643326169517e-07,2.5456395957778297e-07,5.05439043434004e-07,1.7660446812151714e-05
5.170902868928243e-07,2.551198988109185e-07,4.970544754344301e-07,1.7858023355332002e-05
5.250935735579367e-07,2.556452974945377e-07,4.885786011580687e-07,1.8043346648325208e-05
5.3327653329184e-07,2.561377910847441e-07,4.800252831119518e-07,1.8215582655943066e-05
5.416433277394071e-07,2.565989642445336e-07,4.714106287967754e-07,1.8373864425242417e-05
5.501951177804856e-07,2.5703422131521487e-07,4.627516947739176e-07,1.8517315484677125e-05
5.58927354518216e-07,2.5745189080121423e-07,4.5406590143835384e-07,1.8645082324307377e-05
5.678281534755835e-07,2.578623834141417e-07,4.453703470341821e-07,1.875637299189575e-05
5.768780118217709e-07,2.5827579508021286e-07,4.366804609642681e-07,1.885056918017992e-05
5.860503027054652e-07,2.58699739506846e-07,4.2800982668333063e-07,1.8927408610501067e-05
5.953117545803475e-07,2.591399555026952e-07,4.193728374683417e-07,1.898707262479779e-05
6.04623808701312e-07,2.596018100097732e-07,4.1078887190257546e-07,1.903007582354607e-05
6.139451950727613e-07,2.600900886743011e-07,4.022846021327769e-07,1.905706494952044e-05
6.232350614652427e-07,2.606078565321142e-07,3.938925173519969e-07,1.9068676004721054e-05
6.324563229334676e-07,2.611565199419581e-07,3.856466953157314e-07,1.906553849891817e-05
6.415791234000857e-07,2.617365657935997e-07,3.7757904770167093e-07,1.904846097122968e-05
6.505830487880865e-07,2.6234727890940807e-07,3.697179688237482e-07,1.9018670673369322e-05
6.594561145829536e-07,2.629862560343176e-07,3.620877776870023e-07,1.897788602252836e-05
6.681911193997883e-07,2.6364991373881174e-07,3.5470823674963473e-07,1.8928186859465783e-05
6.767807072370987e-07,2.643341657673336e-07,3.4759594710603945e-07,1.887181518165731e-05
6.852125438762541e-07,2.650343690908668e-07,3.407666312996195e-07,1.8810988080780147e-05
6.934674068023606e-07,2.657448069733026e-07,3.3423536084557087e-07,1.8747740592675963e-05
7.015202127244271e-07,2.6645842041188523e-07,3.28015995772842e-07,1.8683810371113777e-05
7.093420079780616e-07,2.671671936072852e-07,3.2212225237059464e-07,1.8620570266975915e-05
7.169027483907377e-07,2.67863554870538e-07,3.165686465440793e-07,1.8559009039116284e-05
7.241732532500069e-07,2.685424362711488e-07,3.1136927839918444e-07,1.849975037001137e-05
7.311243965149189e-07,2.692021775180064e-07,3.065358774192604e-07,1.844309059982637e-05
7.377260238778481e-07,2.698440157756455e-07,3.020784537322669e-07,1.838904270837934e-05
7.43948152595407e-07,2.704713019823177e-07,2.980100219126637e-07,1.833739715305776e-05
7.497636953796806e-07,2.710878810693243e-07,2.943524294752401e-07,1.828781403205152e-05
7.551511400010891e-07,2.716959356181067e-07,2.91139633491428e-07,1.823992852185569e-05
7.600950418083197e-07,2.722954975868132e-07,2.884167865181575e-07,1.8193438338397504e-05
7.645835040546112e-07,2.728859852856533e-07,2.86234228972952e-07,1.814816333920473e-05
7.686048379970138e-07,2.734679463381898e-07,2.846385800129068e-07,1.810406995772592e-05
7.721457846252898e-07,2.740443454245936e-07,2.8366620038584307e-07,1.806125675773419e-05
7.751914799577737e-07,2.746217897505227e-07,2.833414761081654e-07,1.801992521276981e-05
7.777255658939733e-07,2.7521065700183964e-07,2.8367740384798624e-07,1.7980350410365326e-05
7.797301248215795e-07,2.7582388042073824e-07,2.8467604763067457e-07,1.7942833788519366e-05
7.811865889548088e-07,2.764755396438953e-07,2.863296457454513e-07,1.7907631193158914e-05
7.820770055777547e-07,2.771787966087349e-07,2.886224647276368e-07,1.7874875893456078e-05
7.823841901041594e-07,2.7794325626347883e-07,2.9153248035329746e-07,1.7844534872505513e-05
7.820911082783713e-07,2.787736747765713e-07,2.950344119739864e-07,1.7816449762291202e-05
7.811807155568927e-07,2.796705009958619e-07,2.991039180904839e-07,1.779045490228935e-05
7.796371699663084e-07,2.806314166218021e-07,3.037183315782586e-07,1.7766469317952037e-05
7.7744861301109e-07,2.816530500795891e-07,3.088534730368253e-07,1.7744489982960833e-05
7.74609474620799e-07,2.827317317531768e-07,3.144817424467818e-07,1.7724535263836186e-05
7.711199134185344e-07,2.8386374880837997e-07,3.2057307075268664e-07,1.7706609875251327e-05
7.669836489577319e-07,2.850462579458925e-07,3.270966782324372e-07,1.7690683450884813e-05
7.622072488479543e-07,2.862773723508118e-07,3.340220066506801e-07,1.7676656717478766e-05
7.568017134994499e-07,2.875546329343579e-07,3.413174856596167e-07,1.766436353791669e-05
7.507843468542012e-07,2.8887412485407925e-07,3.489479578132853e-07,1.765363550630502e-05
7.441784776614806e-07,2.902315307507935e-07,3.5687327709148884e-07,1.7644351146650666e-05
7.370111293550323e-07,2.916234237634961e-07,3.650490117992026e-07,1.7636420656870162e-05
7.293106124602762e-07,2.930465183877441e-07,3.7342822322168725e-07,1.7629731072985004e-05
7.211066867074167e-07,2.9449591788379413e-07,3.819627195577513e-07,1.7624075474090484e-05
7.124337991342441e-07,2.959650841118801e-07,3.9060364274161577e-07,1.7619097788763644e-05
7.033325033875067e-07,2.9744678420865713e-07,3.993028107240409e-07,1.761428964637425e-05
6.938467000328466e-07,2.989332771240793e-07,4.0801543086996474e-07,1.7609043784664405e-05
6.840214195721877e-07,3.004166253806806e-07,4.167037162659662e-07,1.7602747123674083e-05
6.739027722548372e-07,3.018890549814457e-07,4.253394243125704e-07,1.7594884255205155e-05
6.635374553151935e-07,3.0334287522460425e-07,4.339018063591731e-07,1.7585093788813777e-05
6.529720043164453e-07,3.047716505435581e-07,4.4237167109783107e-07,1.7573138212031303e-05
6.4225207309413e-07,3.0617189181845e-07,4.5072800449844943e-07,1.7558827524079894e-05
6.314208978401129e-07,3.075436766476388e-07,4.5895008731465147e-07,1.7541964082869798e-05
6.205188877131195e-07,3.088910609485013e-07,4.670203529580877e-07,1.752233249861078e-05
6.095857762764221e-07,3.1022150236415876e-07,4.74923327829905e-07,1.7499714268424144e-05
5.986638606307728e-07,3.115437299290455e-07,4.8264213202823e-07,1.747389003160811e-05
5.87800404577757e-07,3.128653832558835e-07,4.90156521685111e-07,1.7444617724371564e-05
5.77045993303569e-07,3.141909874255717e-07,4.974432588144871e-07,1.7411605270771495e-05
5.664486931485757e-07,3.1552179003901004e-07,5.044771825360992e-07,1.737450016192214e-05
5.560504032024839e-07,3.168583603547189e-07,5.112321360610003e-07,1.7332912414813502e-05
5.458886050141604e-07,3.182027504198448e-07,5.176815610363703e-07,1.7286456433943382e-05
5.359986366558264e-07,3.195573815766576e-07,5.237990480933405e-07,1.723477519301956e-05
5.264128388184759e-07,3.209225253803449e-07,5.295592416226372e-07,1.7177543022840617e-05
5.171601218300024e-07,3.222952830970456e-07,5.349383135505901e-07,1.71144700737654e-05
5.082683916022896e-07,3.2367033797259e-07,5.399138009943446e-07,1.7045309045966034e-05
4.997658347687358e-07,3.2504120109291985e-07,5.444647830755702e-07,1.696984259335095e-05
4.916791820678918e-07,3.264010573391449e-07,5.485720347304527e-07,1.688785127604898e-05
4.840320109710316e-07,3.277431780954357e-07,5.522174928583546e-07,1.6799086242675788e-05
4.768444961346962e-07,3.290608212507244e-07,5.553837910119899e-07,1.6703261160374152e-05
4.7013494199783966e-07,3.303468611288796e-07,5.580543897348272e-07,1.6600068094489317e-05
4.6392591984824523e-07,3.315939678148153e-07,5.602139874975797e-07,1.6489210800136265e-05
4.582554563947385e-07,3.327950948311687e-07,5.618491020404236e-07,1.6370425106785064e-05
4.5318754239872115e-07,3.3394327341992886e-07,5.629486304824787e-07,1.6243470402664033e-05
4.4881315695146435e-07,3.35030592973805e-07,5.635040428390726e-07,1.6108116066726714e-05
4.452366744039219e-07,3.36047164779354e-07,5.635098395715183e-07,1.596414153624343e-05
4.4255530577087534e-07,3.3698080389610066e-07,5.629643955635225e-07,1.5811343239397372e-05
4.408457741178824e-07,3.378173821794519e-07,5.618698444364739e-07,1.564954375219279e-05
4.401621725909458e-07,3.3854170414514513e-07,5.602312209180543e-07,1.54786077806382e-05
4.405390123626311e-07,3.3913891142139156e-07,5.58056471288889e-07,1.529846647781086e-05
4.419931192571515e-07,3.395953274150749e-07,5.55357506984181e-07,1.5109146369381587e-05
4.445238949997907e-07,3.3989790827118353e-07,5.521511251456339e-07,1.4910799784556195e-05
4.481157029769869e-07,3.4003384553274485e-07,5.484584167837414e-07,1.4703728705114965e-05
4.527407989100874e-07,3.3999159276284673e-07,5.443026379758143e-07,1.4488378356927642e-05
4.583592400671153e-07,3.397617952336038e-07,5.39707562627788e-07,1.4265283873648354e-05
4.649185095995436e-07,3.393368462900425e-07,5.346978324498516e-07,1.4034998189505387e-05
4.7235521821877177e-07,3.387101640240473e-07,5.293001315949062e-07,1.3798056600551266e-05
4.805978812651367e-07,3.378759601217719e-07,5.235431231580685e-07,1.3555009114041636e-05
4.895709281275183e-07,3.368290438406529e-07,5.17455824520992e-07,1.3306488898906967e-05
4.9919962503587e-07,3.3556465210576393e-07,5.1106567763058e-07,1.3053237797133259e-05
5.094135766841237e-07,3.340785951463325e-07,5.043974814123974e-07,1.2796067529317113e-05
5.201464426007878e-07,3.323677662418799e-07,4.974739827586899e-07,1.2535823381620031e-05
5.313322233040233e-07,3.3043122448226945e-07,4.903180688594496e-07,1.227339803647901e-05
5.429014887505374e-07,3.282718100825491e-07,4.829541388065765e-07,1.2009788249971185e-05
5.547798700766489e-07,3.258977093649499e-07,4.7540710811267395e-07,1.1746169647072144e-05
5.668888851742276e-07,3.233235548956308e-07,4.677013330157878e-07,1.1483930355040945e-05
5.791486495465464e-07,3.2057002095228747e-07,4.598611392770113e-07,1.1224600816202074e-05
5.91481560447458e-07,3.1766088007887964e-07,4.519126780997203e-07,1.096971141308003e-05
6.03815781622812e-07,3.1461926746636293e-07,4.438867774710861e-07,1.0720667283696786e-05
6.160865073872399e-07,3.114656860558475e-07,4.3582028741316174e-07,1.0478692348032716e-05
6.282343296721009e-07,3.082179071449827e-07,4.277531788168857e-07,1.0244872738647915e-05
6.402053037371878e-07,3.048914879823637e-07,4.1972390027588135e-07,1.0020282520913323e-05
6.519552628901837e-07,3.015000204984139e-07,4.117682485700746e-07,9.806081501450856e-06
6.634532121547011e-07,2.9805532894699337e-07,4.039220437571655e-07,9.603501940548276e-06
6.746806288361622e-07,2.9456812194499457e-07,3.962233378783158e-07,9.413763500607886e-06
6.85628160603676e-07,2.9104909811597423e-07,3.8871206208250266e-07,9.237989439454027e-06
6.962898280242137e-07,2.875094213998358e-07,3.814276764594408e-07,9.077154197039819e-06
7.066565953062358e-07,2.839595391243144e-07,3.7440584370325756e-07,8.932060468807538e-06
7.167136196641115e-07,2.8040822772570356e-07,3.676760297943997e-07,8.803325962101358e-06
7.264409851963556e-07,2.768641320612485e-07,3.6126087928629757e-07,8.691377074894008e-06
7.358145026802262e-07,2.7333798224102214e-07,3.5517636613809436e-07,8.596501401685688e-06
7.448060862133407e-07,2.698424047339269e-07,3.494325121901781e-07,8.518982168994688e-06
7.533850334020217e-07,2.6638975073246643e-07,3.44035264591473e-07,8.4591973668471e-06
7.615193892068142e-07,2.629903876879632e-07,3.389889487213837e-07,8.41756564600931e-06
7.691759029774541e-07,2.596524127877272e-07,3.3429792452770593e-07,8.39439789574302e-06
7.763198488424856e-07,2.563821153776034e-07,3.2996749112022647e-07,8.389770244580948e-06
7.829166752714727e-07,2.5318438896106193e-07,3.260041485873876e-07,8.403486579743712e-06
7.889352069580386e-07,2.500629478177444e-07,3.224141988073029e-07,8.435197801659905e-06
7.943506168158044e-07,2.470204903593269e-07,3.192029143906176e-07,8.484635078042654e-06
7.991455115856363e-07,2.4405891715542887e-07,3.1637788870506413e-07,8.551753568216354e-06
8.033098599768129e-07,2.411795679746083e-07,3.139547870530721e-07,8.636684020673622e-06
8.068407186115408e-07,2.3838371046298012e-07,3.119607400896687e-07,8.739603116877934e-06
8.097401170334631e-07,2.3567340259450249e-07,3.104329375756583e-07,8.860632702994377e-06
8.120117383859109e-07,2.330514942209507e-07,3.094127769025819e-07,8.999769641383776e-06
8.13659304905877e-07,2.3052056395420536e-07,3.089382410307113e-07,9.156822186984907e-06
8.146868163783673e-07,2.280828106119329e-07,3.090384016137263e-07,9.331357032979108e-06
8.150988184733666e-07,2.257413085665988e-07,3.0973229893326967e-07,9.522672283188769e-06
8.148993455313606e-07,2.2350111179955764e-07,3.1103107452944057e-07,9.729797799406309e-06
8.140908805089041e-07,2.213693378176103e-07,3.129399895530509e-07,9.951511670837668e-06
8.126755880778381e-07,2.1935383968577213e-07,3.1545789600526345e-07,1.0186361851602503e-05
8.10657354748223e-07,2.174612727772565e-07,3.185756462102211e-07,1.0432694672577963e-05
8.080417116306269e-07,2.1569639514047142e-07,3.222771278145195e-07,1.0688695313856911e-05
8.04834070590213e-07,2.1406285870420386e-07,3.265428541598959e-07,1.0952430060820444e-05
8.010391378382838e-07,2.1256502767821387e-07,3.3135230133368047e-07,1.1221882396381467e-05
7.966636717505749e-07,2.1121033778602397e-07,3.366836225487248e-07,1.1494993466725308e-05
7.917216417331744e-07,2.1001002146246078e-07,3.4251199906083625e-07,1.1769710386359255e-05
7.862366031619272e-07,2.089768898201656e-07,3.488080188892596e-07,1.2044027954767555e-05
7.802377375686691e-07,2.0812234596336863e-07,3.555373322158235e-07,1.2316013850888112e-05
7.737537761579027e-07,2.07455269647315e-07,3.626607155842921e-07,1.258381366613806e-05
7.668106536779967e-07,2.0698327831501256e-07,3.701334926402476e-07,1.2845635674420575e-05
7.594330377113352e-07,2.067143208474123e-07,3.779057068934942e-07,1.309973219696042e-05
7.516480050444199e-07,2.066562362734044e-07,3.8592328833475093e-07,1.3344399358708962e-05
7.434899093496471e-07,2.068153094865257e-07,3.9412888373552034e-07,1.357799506158567e-05
7.350024776706419e-07,2.0719517929317746e-07,4.0246267065213523e-07,1.3798963963667429e-05
7.262346038137025e-07,2.0779571633156572e-07,4.10863816018581e-07,1.4005877807640384e-05
7.172334282957938e-07,2.0861282955804977e-07,4.1927189937070643e-07,1.4197486251467542e-05
7.080405523562772e-07,2.096396604365147e-07,4.276278426896483e-07,1.4372732019364926e-05
6.986918486101311e-07,2.1086748283579248e-07,4.358746076474848e-07,1.4530715092093133e-05
6.89218297941273e-07,2.122856870815027e-07,4.439577981887233e-07,1.4670646647437921e-05
6.796471256992633e-07,2.1388253158494245e-07,4.5182588119622506e-07,1.4791825051527033e-05
6.700030036594273e-07,2.1564721892555623e-07,4.59429859799648e-07,1.4893636275008075e-05
6.603079007938668e-07,2.1757159601854528e-07,4.667232439642785e-07,1.497557233696676e-05
6.505800460159993e-07,2.1965072626440949e-07,4.736626338898156e-07,1.5037266594597565e-05
6.408339855046937e-07,2.2188208256561513e-07,4.802077568936802e-07,1.507854186169593e-05
6.310821796894197e-07,2.2426320311921586e-07,4.863209471121027e-07,1.5099451331408933e-05
6.213381285651879e-07,2.2678998225284968e-07,4.919673415501346e-07,1.5100289115171014e-05
6.116195870907947e-07,2.2945709205949888e-07,4.97115655852532e-07,1.5081583585995468e-05
6.019489846550432e-07,2.322584950593512e-07,5.017384546567828e-07,1.504411676976106e-05
5.923511378966506e-07,2.3518643514745712e-07,5.058120394229908e-07,1.4988951280162084e-05
5.828499824635087e-07,2.382302949414588e-07,5.09316595173988e-07,1.4917389968045407e-05
5.73465330610931e-07,2.4137662636345506e-07,5.12236579453859e-07,1.4830859177190687e-05
5.642113844147681e-07,2.446097092230965e-07,5.145619182554878e-07,1.4730773460990567e-05
5.550978437653775e-07,2.479117587310859e-07,5.162898763512805e-07,1.4618435865651998e-05
5.461329619225285e-07,2.512630517368849e-07,5.174252716091326e-07,1.4495003061317803e-05
5.373276476911174e-07,2.546428036001895e-07,5.179787856563848e-07,1.436149814600809e-05
5.286983568257721e-07,2.580303736690598e-07,5.179663119070999e-07,1.4218836917402622e-05
5.202663179895679e-07,2.614054626704885e-07,5.174102835551657e-07,1.4067898631893412e-05
5.120542972856836e-07,2.647476117676012e-07,5.163398950776679e-07,1.390968986681558e-05
5.040853803238164e-07,2.6803632129355394e-07,5.147879160962193e-07,1.3745497935748846e-05
4.963847652008589e-07,2.712515403189749e-07,5.127872261504774e-07,1.3576852070108776e-05
4.889805053634343e-07,2.743735527218937e-07,5.103711535515848e-07,1.3405316132925194e-05
4.819018434346929e-07,2.7738273077583905e-07,5.075765861393421e-07,1.3232303846027275e-05
4.7517751422952404e-07,2.802599826862647e-07,5.044457936298778e-07,1.3059041506782088e-05
4.6883484842339895e-07,2.829873610153294e-07,5.010247127224984e-07,1.288671914782385e-05
4.629003664833947e-07,2.855486645513286e-07,4.973594939306207e-07,1.2716768624640245e-05
4.5740306240266294e-07,2.879303724792276e-07,4.93494408209651e-07,1.2551061048552346e-05
4.523765896007618e-07,2.901215845679984e-07,4.894711662166361e-07,1.2391876879555314e-05
4.478561140218232e-07,2.9211249221381804e-07,4.853282977860081e-07,1.2241727328370305e-05
4.438747215163912e-07,2.938933642086607e-07,4.811008626703836e-07,1.2103166192394113e-05
4.4046314150686534e-07,2.954550388039339e-07,4.768215544319892e-07,1.1978634455350976e-05
4.3764746697370823e-07,2.967902752863727e-07,4.7252238655023776e-07,1.1870333096165013e-05
4.354441546086196e-07,2.9789503904827923e-07,4.682339274973036e-07,1.1780136984942999e-05
4.338585554264128e-07,2.987683994517076e-07,4.63982061058092e-07,1.1709558623244854e-05
4.328889794323626e-07,2.994110477550357e-07,4.597863869354781e-07,1.1659739780750052e-05
4.3253317461956643e-07,2.998244770196928e-07,4.556617523568961e-07,1.1631446555901632e-05
4.327932464684245e-07,3.000117011273761e-07,4.516198577499384e-07,1.1625058438554154e-05
4.336753978704301e-07,2.999788798021249e-07,4.4766882484713814e-07,1.1640554922373656e-05
4.351844205452322e-07,2.997367812563348e-07,4.438123604372161e-07,1.1677529365846455e-05
4.373194583444403e-07,2.9929994392210997e-07,4.400501684470045e-07,1.1735257708890395e-05
4.4007638052785675e-07,2.9868374233293873e-07,4.363789908080273e-07,1.1812807666558055e-05
4.434530108803849e-07,2.979029152857229e-07,4.327938629747399e-07,1.1909154634837865e-05
4.4744999754834154e-07,2.969725282094404e-07,4.2928983270036345e-07,1.2023279763608211e-05
4.520651930763665e-07,2.959087007193315e-07,4.258631238649562e-07,1.215422865329458e-05
4.572872159460333e-07,2.94728189128763e-07,4.225109304334049e-07,1.2301121466923293e-05
4.63095368525023e-07,2.934485431735774e-07,4.1923064469798457e-07,1.2463133542493393e-05
4.6946422134456737e-07,2.9208864819419134e-07,4.1601905368324795e-07,1.2639469744785982e-05
4.7636499528865355e-07,2.906674412611295e-07,4.1287223790582363e-07,1.2829334622387696e-05
4.837623559188081e-07,2.892012144051252e-07,4.097868862677738e-07,1.3031895086491479e-05
4.916121494478067e-07,2.877023037828332e-07,4.06761283878554e-07,1.3246238536343767e-05
4.998625912335945e-07,2.861803333431353e-07,4.03794845012104e-07,1.3471333334106696e-05
5.08457837200225e-07,2.846444646264548e-07,4.008879250377968e-07,1.3706020933901164e-05
5.173435808792807e-07,2.8310417181390674e-07,3.980417596992551e-07,1.3949052440896045e-05
5.264726697602051e-07,2.815682862321737e-07,3.952570224447301e-07,1.419911129795214e-05
5.35807137230526e-07,2.800443978361051e-07,3.925327658539323e-07,1.4454790394420624e-05
5.453164827606105e-07,2.785395564390647e-07,3.8986706746493065e-07,1.4714581515250736e-05
5.54974367198159e-07,2.770607706298159e-07,3.8725746305892723e-07,1.4976912046834542e-05
5.6475476981392e-07,2.756141701508247e-07,3.847001566061668e-07,1.5240199661844327e-05
5.746289276493403e-07,2.7420437444256565e-07,3.821893092080882e-07,1.5502881849951943e-05
5.845639765142806e-07,2.7283514251925264e-07,3.797175978681167e-07,1.5763397432454407e-05
5.945221471558753e-07,2.7151011845577787e-07,3.772774788824077e-07,1.6020158301901073e-05
6.04459949568674e-07,2.702327750793281e-07,3.748616907775169e-07,1.627157016801609e-05
6.143284377057454e-07,2.6900581154234985e-07,3.7246261194610296e-07,1.6516094727173407e-05
6.240755104744499e-07,2.678314428024091e-07,3.700719312373801e-07,1.675231802469915e-05
6.33650066252121e-07,2.6671302543460826e-07,3.6768193801275945e-07,1.6979030958369082e-05
6.43006581860473e-07,2.656554555604218e-07,3.652872343204819e-07,1.7195298693625928e-05
6.521090527261172e-07,2.646638022535517e-07,3.6288510416472156e-07,1.7400438650536182e-05
6.609344095435007e-07,2.637432381304019e-07,3.604745235636901e-07,1.7593906789054136e-05
6.694745096969359e-07,2.629000782239003e-07,3.580546179052685e-07,1.7775197878971697e-05
6.777351638861561e-07,2.621413060239348e-07,3.556234459022468e-07,1.7943828660033398e-05
6.857321045325315e-07,2.6147316696323874e-07,3.531779170117021e-07,1.8099367194449137e-05
6.934843015182292e-07,2.6090019114910397e-07,3.5071517599751875e-07,1.824143725802013e-05
7.010069386000906e-07,2.6042450467579627e-07,3.482343691066168e-07,1.8369682228077227e-05
7.083090492537403e-07,2.6004573420001485e-07,3.457368521566481e-07,1.8483755705307728e-05
7.153977996131786e-07,2.597621242728804e-07,3.432250539391359e-07,1.8583439451794776e-05
7.222859799006163e-07,2.595719525240944e-07,3.407018118276227e-07,1.8668837179631e-05
7.289970119686888e-07,2.59473820009878e-07,3.381701994653913e-07,1.8740424017362962e-05
7.355626716318819e-07,2.594664257905257e-07,3.35633103087361e-07,1.879889345413032e-05
7.420141204703534e-07,2.5954900736248205e-07,3.330929524959874e-07,1.88449645820598e-05
7.483732667476509e-07,2.5972243848867586e-07,3.305514197510369e-07,1.8879275556166423e-05
7.546497523941738e-07,2.5999024451227825e-07,3.2800890054535853e-07,1.8902431843380435e-05
7.608417455429826e-07,2.603577919737383e-07,3.2546512742151215e-07,1.891522997454188e-05
7.669374366859476e-07,2.608293719747663e-07,3.229208775413292e-07,1.8918882560784838e-05
7.729167940679036e-07,2.6140598744737137e-07,3.2037858959451716e-07,1.8915023602369172e-05
7.787531638403545e-07,2.620853303146293e-07,3.178411488513755e-07,1.8905527535482985e-05
7.844152059177817e-07,2.6286279752463214e-07,3.153104313605704e-07,1.889231474746413e-05
7.898718514612518e-07,2.637327918874909e-07,3.127873145091289e-07,1.887721256424277e-05
7.950990743864982e-07,2.6468963529952194e-07,3.102728493814505e-07,1.8861854602159162e-05
8.000813656423191e-07,2.657272886779145e-07,3.077683953914739e-07,1.884759432026071e-05
8.048060721790614e-07,2.668390758691183e-07,3.052744067441733e-07,1.8835435713152026e-05
8.092581250086334e-07,2.6801885422405293e-07,3.027900884224325e-07,1.8826009361728368e-05
8.134212560123428e-07,2.69261847785232e-07,3.0031404037088657e-07,1.8819595242704655e-05
8.172847803577859e-07,2.705635399705109e-07,2.978445051215681e-07,1.881616055194501e-05
8.208488108971137e-07,2.719185371612903e-07,2.9538041284058105e-07,1.8815399435794447e-05
8.241204274198005e-07,2.7332021386092645e-07,2.929244529824689e-07,1.881677945207306e-05
8.271045267913952e-07,2.747600016115981e-07,2.904852770265999e-07,1.8819593717341282e-05
8.297994450982359e-07,2.762272869028124e-07,2.880759149994018e-07,1.882302637690968e-05
8.321984943770642e-07,2.7771128190776077e-07,2.857110502680596e-07,1.882624389128368e-05
8.342919873966011e-07,2.7920371791308124e-07,2.8340652566500177e-07,1.882849800697537e-05
8.360677778109456e-07,2.8070005847514876e-07,2.811797431583512e-07,1.882919970951576e-05
8.375110107116497e-07,2.821984435575507e-07,2.790492006338636e-07,1.8827948288153505e-05
8.386040682992207e-07,2.8369769552717905e-07,2.770340187806976e-07,1.882453780357219e-05
8.393293405626355e-07,2.8519584459679014e-07,2.7515380959262096e-07,1.8818941285609446e-05
8.396751999776976e-07,2.866893761534957e-07,2.734279597890198e-07,1.881124785160953e-05
8.396407406721626e-07,2.8817278354809326e-07,2.7187441501875626e-07,1.8801557296833225e-05
8.392360882638244e-07,2.8963874718457324e-07,2.705091112054639e-07,1.8789872484534773e-05
8.384793058792188e-07,2.91079569907796e-07,2.6934608938549625e-07,1.877605577799449e-05
8.373918813835729e-07,2.9248903642239663e-07,2.683973481678685e-07,1.8759903363252066e-05
8.35994573114497e-07,2.9386322380733855e-07,2.676732103107789e-07,1.874128765250241e-05
8.343050953251635e-07,2.951997299148197e-07,2.6718481356245945e-07,1.872023237689285e-05
8.323372181706627e-07,2.96496432358298e-07,2.66948729714373e-07,1.869686617723359e-05
8.301008441030372e-07,2.9775184829495695e-07,2.6699171581156737e-07,1.8671338572532733e-05
8.276038260485847e-07,2.9896667223187324e-07,2.6735065958003745e-07,1.8643784813943973e-05
8.248535339158485e-07,3.001446123329568e-07,2.680657576667353e-07,1.861433198450965e-05
8.218558994833958e-07,3.012930040474801e-07,2.691751920942084e-07,1.858308087256291e-05
8.186139147943891e-07,3.0242348272345254e-07,2.7071819843475317e-07,1.8550038609520278e-05
8.1512732124113e-07,3.035510859239549e-07,2.727401846167193e-07,1.851506314594954e-05
8.113937045663225e-07,3.046914557184254e-07,2.752927349096479e-07,1.847787694124156e-05
8.07411273886385e-07,3.0585769990256266e-07,2.7842962468741605e-07,1.84381303063202e-05
8.031810937674417e-07,3.0705893053294506e-07,2.822004493691089e-07,1.8395482657794268e-05
7.987073144964887e-07,3.0830169877760446e-07,2.86643864070221e-07,1.83497087154674e-05
7.939973813794003e-07,3.0959245912183344e-07,2.9178442096855986e-07,1.830080772639003e-05
7.890640240205051e-07,3.1093921901309945e-07,2.976339297009767e-07,1.8249034732015035e-05
7.839290236478824e-07,3.123535441565824e-07,3.041961208476292e-07,1.8194809215292372e-05
7.786248740539206e-07,3.1385118255533033e-07,3.1147276614499457e-07,1.81385524751932e-05
7.731903839392134e-07,3.1544923983871543e-07,3.1946799692115217e-07,1.8080548274314905e-05
7.676634803934421e-07,3.1716356484818e-07,3.281871462507148e-07,1.8020880546154367e-05
7.62077632688913e-07,3.190076170481638e-07,3.3762957968907316e-07,1.7959435025394765e-05
7.564628758926699e-07,3.209902358044725e-07,3.4778207739868033e-07,1.7895930548338127e-05
7.508465266358175e-07,3.231135411082777e-07,3.586205180364782e-07,1.782998679759208e-05
7.452517513040668e-07,3.2537349113979857e-07,3.701190344441632e-07,1.776128607055729e-05
7.396973279905717e-07,3.277623149006678e-07,3.8225828748728965e-07,1.7689793712182377e-05
7.341990741696225e-07,3.302706075518143e-07,3.9502605374612717e-07,1.7615847586601572e-05
7.287702599195323e-07,3.328881252726943e-07,4.084113567495691e-07,1.7540027527937156e-05
7.234203273442873e-07,3.356038604186393e-07,4.223982760140812e-07,1.74629401561735e-05
7.181537769451126e-07,3.384063332110722e-07,4.369619967582557e-07,1.7385082219574506e-05
7.12969907783691e-07,3.412841113467634e-07,4.520663274806345e-07,1.730686613570473e-05
7.07862516835294e-07,3.442258177998425e-07,4.6766397801737023e-07,1.722881834311317e-05
7.028207930951835e-07,3.472198998668044e-07,4.837000084722822e-07,1.7151811874837502e-05
6.978321919127979e-07,3.5025502775597746e-07,5.001160107487153e-07,1.7077124824363173e-05
6.928848174476584e-07,3.5332048511780635e-07,5.16852822358964e-07,1.7006307425009413e-05
6.87967686693961e-07,3.564053093404112e-07,5.338499090358565e-07,1.6941008258688407e-05
6.83069804102861e-07,3.594970338976214e-07,5.51042675327007e-07,1.6882848479161485e-05
6.781790678283465e-07,3.6258189541535843e-07,5.683625676266361e-07,1.6833330575818546e-05
6.732815747886275e-07,3.656458889154264e-07,5.857407286676691e-07,1.679374832592072e-05
6.683619299890656e-07,3.686751491198828e-07,6.03111870580615e-07,1.6765102307849007e-05
6.634044082689032e-07,3.716556354547086e-07,6.204167687307784e-07,1.6748058669650785e-05
6.583943339291311e-07,3.7457225105372975e-07,6.376018705085992e-07,1.6742967552528406e-05
6.533200635867936e-07,3.774079263419314e-07,6.546150660773055e-07,1.6749909420178135e-05
6.481751690306085e-07,3.801434934527827e-07,6.714007938036496e-07,1.6768724597133427e-05
6.429584730700958e-07,3.827584258169104e-07,6.878984589615186e-07,1.679901580971182e-05
6.376729282850328e-07,3.852322703618874e-07,7.04045263124918e-07,1.6840144552638507e-05
6.323264007818853e-07,3.8754621173563564e-07,7.197810154043197e-07,1.6891252324768293e-05
6.269324393790611e-07,3.896843637562497e-07,7.350503086417763e-07,1.695134073605495e-05
6.215078461980964e-07,3.916342415612576e-07,7.498011087852921e-07,1.7019401393282752e-05
6.160687198039614e-07,3.9338546792301633e-07,7.639825935831319e-07,1.7094517243082725e-05
6.106292707617012e-07,3.9492793785512363e-07,7.775433381195185e-07,1.7175882086742845e-05
6.052040697151621e-07,3.962513912120683e-07,7.904310502217646e-07,1.7262784798452138e-05
5.99809524526419e-07,3.973459427241303e-07,8.025963745005602e-07,1.7354613525464347e-05
5.944619252270206e-07,3.982026141665411e-07,8.139982420509984e-07,1.7450854795785306e-05
5.891740712731783e-07,3.988141011824918e-07,8.246047098732454e-07,1.7551046540704286e-05
5.839541900489542e-07,3.9917536971316536e-07,8.343908775586245e-07,1.7654707465475963e-05
5.788081928655554e-07,3.9928284244561186e-07,8.433401947150246e-07,1.7761282684899172e-05
5.737418848479861e-07,3.9913288798402993e-07,8.514485115410817e-07,1.7870109991897148e-05
5.687605170830119e-07,3.987215395485645e-07,8.587258551089881e-07,1.7980425024133757e-05
5.638673659285786e-07,3.9804595269397433e-07,8.651928191627466e-07,1.809141121512613e-05
5.590634238679126e-07,3.9710670659351223e-07,8.708731943854318e-07,1.8202227591755984e-05
5.543493635500221e-07,3.959089708006375e-07,8.757886672782292e-07,1.8311984139550616e-05
5.497300629111406e-07,3.944614207438503e-07,8.799576517143669e-07,1.8419725272161712e-05
5.452178793058587e-07,3.927743521018671e-07,8.833957170580187e-07,1.8524462992761772e-05
5.408309773966756e-07,3.9085844005566356e-07,8.86115796105167e-07,1.862522271135647e-05
5.365899537102477e-07,3.8872390801011425e-07,8.881273971003266e-07,1.872104204812473e-05
5.325166424003714e-07,3.86380058587062e-07,8.894360356929973e-07,1.8810930026009812e-05
5.286331852592278e-07,3.838358716194626e-07,8.900451274004849e-07,1.8893849786651583e-05
5.249598528796735e-07,3.811011055828633e-07,8.899593388476792e-07,1.8968753172449696e-05
5.215143042517556e-07,3.7818661437876854e-07,8.891857193357866e-07,1.903465268749825e-05
5.183125630748935e-07,3.7510423289533893e-07,8.877319562883276e-07,1.909072134442978e-05
5.15368063873887e-07,3.718664971622242e-07,8.856050482143141e-07,1.9136386743085518e-05
5.126893965791423e-07,3.68485714165275e-07,8.828119212952104e-07,1.9171335191057046e-05
5.102805878982593e-07,3.6497314699179506e-07,8.793609868982319e-07,1.9195405607929125e-05
5.081439281000911e-07,3.6133904606605905e-07,8.752635438166409e-07,1.9208481464551207e-05
5.062847656713916e-07,3.575931398648299e-07,8.70533768769618e-07,1.921047121704307e-05
5.047176248601795e-07,3.5374507719398493e-07,8.651872411851473e-07,1.920134270635853e-05
5.034682831224531e-07,3.498052344169094e-07,8.592397809323538e-07,1.9181139373011912e-05
5.025684912324737e-07,3.457860499217666e-07,8.527077619265058e-07,1.9149957944447005e-05
5.020485272767882e-07,3.417022589935123e-07,8.45608867000757e-07,1.910791950343707e-05
5.019328299559184e-07,3.37569989308142e-07,8.379620518266465e-07,1.9055207846387382e-05
5.022377332911583e-07,3.3340617101988733e-07,8.297871492672476e-07,1.899219455849873e-05
5.029699552866717e-07,3.292280278628068e-07,8.211046173749912e-07,1.891952171653009e-05
5.041275067851482e-07,3.250535299501409e-07,8.119349781440512e-07,1.88380413597122e-05
5.057031732186951e-07,3.209038155315842e-07,8.022979796018596e-07,1.8748685036382997e-05
5.076872267907312e-07,3.168045778652396e-07,7.922125051704777e-07,1.8652350911780398e-05
5.100669329543497e-07,3.127837494950242e-07,7.816976296119358e-07,1.8549860911593718e-05
5.128244636132782e-07,3.0886765541777354e-07,7.707738430677889e-07,1.8442067125668977e-05
5.159359849672063e-07,3.050786314683487e-07,7.594641051870719e-07,1.833004307779231e-05
5.193720613186583e-07,3.0143429806265724e-07,7.477951128217519e-07,1.821514671236827e-05
5.23098395657033e-07,2.979475148806689e-07,7.357972715860163e-07,1.809890317769753e-05
5.270779720763932e-07,2.9462676571758064e-07,7.235023868004139e-07,1.7982838229562548e-05
5.312765663902303e-07,2.914783911556912e-07,7.109416283058545e-07,1.7868344151712867e-05
5.35670375173579e-07,2.885113087944084e-07,6.981465024440874e-07,1.7756579603394225e-05
5.40249570151614e-07,2.857403386315608e-07,6.851522154241299e-07,1.7648404103595673e-05
5.450137217845007e-07,2.831847482445463e-07,6.719994551224215e-07,1.754435564172757e-05
5.49964541741279e-07,2.808649996500282e-07,6.587321176169056e-07,1.7444668117292933e-05
5.551019960334586e-07,2.788011622881982e-07,6.453935330901894e-07,1.7349316054724573e-05
5.604216473938371e-07,2.770118729731161e-07,6.320243351906327e-07,1.7258068591903838e-05
5.659118365634786e-07,2.755131623699247e-07,6.186624889623107e-07,1.7170531580261868e-05
5.715539685480496e-07,2.743186711786293e-07,6.053440310881529e-07,1.708617096818418e-05
5.773261036362382e-07,2.7344000928198534e-07,5.921031010933807e-07,1.700433125198532e-05
5.832067028311602e-07,2.7288489129035146e-07,5.78971923149079e-07,1.6924267288294412e-05
5.891760287335142e-07,2.726549365629307e-07,5.659808071536952e-07,1.6845195286476445e-05
5.952147174904511e-07,2.7274580105284164e-07,5.531569016760094e-07,1.676635228385426e-05
6.013012563961498e-07,2.731483569440299e-07,5.405227476841115e-07,1.6687044916035668e-05
6.07410485541708e-07,2.7384890566700184e-07,5.280968483056051e-07,1.6606681852034866e-05
6.13514390718769e-07,2.748291125010489e-07,5.158964562684067e-07,1.6524799545707548e-05
6.195839960861352e-07,2.7606748023221845e-07,5.039410016626813e-07,1.644107403953242e-05
6.255891083262482e-07,2.7754296916060793e-07,4.92253424190824e-07,1.6355301320033813e-05
6.314961497446635e-07,2.79238767838001e-07,4.808578323847708e-07,1.626735067263678e-05
6.372673753560754e-07,2.811427019281736e-07,4.697761233612162e-07,1.6177106191518586e-05
6.428626103213284e-07,2.832439994197002e-07,4.590266512597896e-07,1.6084416237809255e-05
6.482439483323365e-07,2.855305883370705e-07,4.4862403451474343e-07,1.598909582263136e-05
6.533832336978285e-07,2.879894422820529e-07,4.3857860307051e-07,1.5891002621164788e-05
6.582673279325965e-07,2.906074253275818e-07,4.2889632114579076e-07,1.5790110215221843e-05
6.628958907377272e-07,2.933707927180845e-07,4.1957995299821355e-07,1.568649356422283e-05
6.672743264975032e-07,2.9626514976070327e-07,4.1063041980894775e-07,1.5580257989293225e-05
6.714084703341414e-07,2.992761841065315e-07,4.0204676312790477e-07,1.547149025992254e-05
6.753020312981453e-07,3.023893767347623e-07,3.938252264353899e-07,1.5360255016083275e-05
6.7895420977727e-07,3.055885538793371e-07,3.8595965555193357e-07,1.5246608107780835e-05
6.823579181840681e-07,3.0885468421590617e-07,3.7844310561131366e-07,1.5130583824206916e-05
6.855003279073305e-07,3.1216617471729324e-07,3.7126864717525814e-07,1.5012159407943994e-05
6.883662993159914e-07,3.155006136994544e-07,3.644291969781585e-07,1.4891246904886688e-05
6.909441114193188e-07,3.188361764458801e-07,3.5791733187285366e-07,1.4767731903981531e-05
6.932309727088837e-07,3.221512462326943e-07,3.517248948362965e-07,1.4641538001701441e-05
6.952360702087881e-07,3.2542352565791933e-07,3.45842418186427e-07,1.4512708410999967e-05
6.969803784675298e-07,3.2863107517667533e-07,3.402601939671366e-07,1.4381504228583869e-05
6.984924482677175e-07,3.31754981314076e-07,3.3497121421871444e-07,1.4248462323985571e-05
6.998016947814795e-07,3.3478033639713715e-07,3.299725874910664e-07,1.4114337419141998e-05
7.009341789626668e-07,3.3769416334147447e-07,3.252641093128165e-07,1.397995105131775e-05
7.019135270451084e-07,3.4048311955579536e-07,3.208471036543793e-07,1.3846049650490676e-05
7.027628930592454e-07,3.431330115354448e-07,3.167243364292621e-07,1.3713238692888108e-05
7.035041950713723e-07,3.4562896888430575e-07,3.128986962172102e-07,1.3581989390069624e-05
7.04157785152964e-07,3.4795521327116706e-07,3.093716046033352e-07,1.3452678433658196e-05
7.047438334625025e-07,3.500948414738381e-07,3.0614353984421946e-07,1.3325624190430553e-05
7.052807230174931e-07,3.520304476412671e-07,3.032152845992381e-07,1.3201157433317572e-05
7.057804326958164e-07,3.53745364736414e-07,3.005876634705155e-07,1.307978401993479e-05
7.062459628650136e-07,3.5522431543981927e-07,2.982607300791948e-07,1.2962319325699005e-05
7.066718243929507e-07,3.564534592511637e-07,2.962335863581904e-07,1.2849821718355232e-05
7.070461462758299e-07,3.5742064833846156e-07,2.945039479663692e-07,1.2743388902340575e-05
7.073562282904619e-07,3.581155423826615e-07,2.930674993063968e-07,1.2643986005106551e-05
7.075991194619757e-07,3.5852933975416977e-07,2.919179002388873e-07,1.2552386526126054e-05
7.077923316907483e-07,3.58655008746782e-07,2.910468991478461e-07,1.2469295526212385e-05
7.079763586345304e-07,3.58488622215501e-07,2.9044439938358805e-07,1.2395611203078916e-05
7.082071231337795e-07,3.580308449546212e-07,2.900988539290551e-07,1.2332576216398606e-05
7.085453965046809e-07,3.572865575258709e-07,2.89996959183262e-07,1.228168701686696e-05
7.090492711123404e-07,3.562627581209154e-07,2.901223853083018e-07,1.2244500393020524e-05
7.097690384531338e-07,3.5496736717133077e-07,2.904554015353725e-07,1.2222486051081994e-05
7.107432829947674e-07,3.534095586254893e-07,2.9097432842923807e-07,1.2216943491463365e-05
7.11997607391256e-07,3.51599721935837e-07,2.9165753241438816e-07,1.2228947873235108e-05
7.135471081315646e-07,3.495484296251112e-07,2.924851612095499e-07,1.2259307148863913e-05
7.154022056937878e-07,3.4726549760148697e-07,2.934406466435785e-07,1.2308551322615685e-05
7.17574259705313e-07,3.447597362608825e-07,2.945107371836428e-07,1.2376972691392395e-05
7.200764656374635e-07,3.420393207982808e-07,2.956836516816733e-07,1.2464677057257374e-05
7.22920745167115e-07,3.3911252215031205e-07,2.969475857753275e-07,1.2571579357399808e-05
7.261145320768094e-07,3.3598804201720893e-07,2.9829132887404325e-07,1.2697340824589578e-05
7.296596483723099e-07,3.326746638010821e-07,2.997056521218318e-07,1.2841310760880099e-05
7.335529801820669e-07,3.291813754191081e-07,3.011832151601157e-07,1.3002523743012225e-05
7.377877519396341e-07,3.255192593025672e-07,3.027175577113027e-07,1.317976459789086e-05
7.423560599676975e-07,3.2170413791122534e-07,3.043028648356676e-07,1.3371676720539653e-05
7.472509502041866e-07,3.1775696299862124e-07,3.05934034409331e-07,1.3576853073128756e-05
7.524633656814064e-07,3.137012633788277e-07,3.0760596404478524e-07,1.3793881371802918e-05
7.579768285350488e-07,3.0956018314147573e-07,3.093128947175797e-07,1.4021378169833109e-05
7.637662403661684e-07,3.0535495183885826e-07,3.110504810370331e-07,1.4258028747380303e-05
7.697989868618436e-07,3.011051886286006e-07,3.1282046008990746e-07,1.4502598985719278e-05
7.760347800449443e-07,2.968305313074345e-07,3.146326984627925e-07,1.4753901642033666e-05
7.824261992661155e-07,2.925517563085715e-07,3.165024000300926e-07,1.5010747544268817e-05
7.889226815917097e-07,2.882911560821085e-07,3.1844618328382626e-07,1.5271909612811102e-05
7.954768013689191e-07,2.8407322364036286e-07,3.2047891770615105e-07,1.553609189818254e-05
8.020479948517897e-07,2.7992447669030106e-07,3.2261108844326984e-07,1.5801895980875986e-05
8.086015521648859e-07,2.758719683025605e-07,3.248477586351364e-07,1.6067804266510074e-05
