6.949955805682976e-07,3.6893049740994686e-07,3.156885646394479e-07,2.809952606679948e-05
6.928500237257568e-07,3.661946014813743e-07,3.116896736864083e-07,2.8324440312687676e-05
6.90486042657272e-07,3.633602067515218e-07,3.0784088393081934e-07,2.854284305083512e-05
6.879071669157346e-07,3.604398901843439e-07,3.0414748280682165e-07,2.8753360902921406e-05
6.851160274972564e-07,3.5744578853475756e-07,3.006139685638917e-07,2.895478581074508e-05
6.821131776450503e-07,3.54391753257082e-07,2.972430143115625e-07,2.9146065257347962e-05
6.788960506466319e-07,3.512959791106609e-07,2.9403522943386103e-07,2.9326216371265868e-05
6.754605527614303e-07,3.4818118968506226e-07,2.909902067297532e-07,2.949430305582787e-05
6.718035218531173e-07,3.450711491796885e-07,2.881076718384061e-07,2.9649513486841528e-05
6.679248488873228e-07,3.419869509238938e-07,2.853877916717943e-07,2.9791202985851123e-05
6.638292578106207e-07,3.3894617604157126e-07,2.8283059914118774e-07,2.991883737517333e-05
6.595264037404857e-07,3.3596417457247145e-07,2.804350736516184e-07,3.003190007300609e-05
6.550288155514074e-07,3.3305611669979637e-07,2.781987944772939e-07,3.0129809831419062e-05
6.503491930550347e-07,3.3023830796484827e-07,2.761185606072059e-07,3.0211870096896397e-05
6.454984314810726e-07,3.275272011160251e-07,2.7419196767004857e-07,3.0277288915601494e-05
6.404849146164035e-07,3.24937926517403e-07,2.724194832123848e-07,3.0325271502085003e-05
6.353145569838851e-07,3.2248454012620417e-07,2.7080568156544746e-07,3.0355114234059166e-05
6.299906434465379e-07,3.2018025019388664e-07,2.6935922812792604e-07,3.0366237445697795e-05
6.245147809118247e-07,3.1803634399931695e-07,2.680923948394352e-07,3.0358165693881053e-05
6.188907745347127e-07,3.1606181759031766e-07,2.67019675107648e-07,3.033049520245203e-05
6.131285193458553e-07,3.1426432462072986e-07,2.661548591247916e-07,3.0282933935848968e-05
6.072436185927425e-07,3.126508416441729e-07,2.655086093082448e-07,3.0215489452796013e-05
6.012537735491955e-07,3.1122769339423307e-07,2.6508869621136324e-07,3.0128631622518187e-05
5.951758816980535e-07,3.100000900851817e-07,2.64901398761038e-07,3.0023192622869597e-05
5.890250871981115e-07,3.089712217634904e-07,2.649516017829331e-07,2.9900163390179314e-05
5.828145043662907e-07,3.081426958569089e-07,2.65242219605308e-07,2.9760636835022985e-05
5.765552804370387e-07,3.0751812338655017e-07,2.6577463234678296e-07,2.9605801194895644e-05
5.702583900315503e-07,3.0710730942084237e-07,2.6654926881091626e-07,2.9436866863505122e-05
5.639382767844051e-07,3.0692626016575656e-07,2.675647559108584e-07,2.925497808194898e-05
5.576148279634124e-07,3.069936990112024e-07,2.688169197385507e-07,2.9061142791893542e-05
5.513108499875149e-07,3.07328081803622e-07,2.703001615563525e-07,2.885618971700609e-05
5.450484781515064e-07,3.079451836161342e-07,2.720099434630913e-07,2.864075192717945e-05
5.388484155584868e-07,3.0885532255438825e-07,2.739435878026192e-07,2.8415259600027745e-05
5.327306654138575e-07,3.1006158598236323e-07,2.761003970584122e-07,2.8179949659116247e-05
5.267158340247794e-07,3.1155985672567613e-07,2.784819562358598e-07,2.793490485241833e-05
5.208268441053219e-07,3.1333993700229346e-07,2.810907327186439e-07,2.7680107978310107e-05
5.150892651355622e-07,3.153870888810621e-07,2.83926826400759e-07,2.741548316986847e-05
5.095300937287864e-07,3.176831567487584e-07,2.8698536913736787e-07,2.7140911349723515e-05
5.041749975944257e-07,3.2020732632219065e-07,2.9025677495383004e-07,2.6856233431584892e-05
4.990444010035268e-07,3.229384082314248e-07,2.937296808206336e-07,2.656127523117972e-05
4.941511453287315e-07,3.258574207229837e-07,2.973934227628361e-07,2.625591175721596e-05
4.895008317343203e-07,3.2894675764560627e-07,3.012379923620944e-07,2.594013039204872e-05
4.850947077026236e-07,3.3218762199785856e-07,3.052543750800379e-07,2.561404776057738e-05
4.809367548518329e-07,3.355601470560769e-07,3.094358462237769e-07,2.5277891821133075e-05
4.770436174344862e-07,3.390457415498344e-07,3.1377664334112785e-07,2.4931974964500185e-05
4.73448918629034e-07,3.426278974247804e-07,3.182694468184671e-07,2.4576666799689926e-05
4.7019564393127327e-07,3.462902422729769e-07,3.2290520286262104e-07,2.421237275234257e-05
4.673230651677043e-07,3.500142112953469e-07,3.276746889211844e-07,2.383951980868683e-05
4.6485922822675924e-07,3.537784865569137e-07,3.32569805923939e-07,2.345854756731652e-05
4.628211431846181e-07,3.5756030776365386e-07,3.3758334035146253e-07,2.306990342310603e-05
4.6121845319177884e-07,3.6133743988774686e-07,3.427074804277285e-07,2.267403436579546e-05
4.6005688017983406e-07,3.6508940080102634e-07,3.479321057005192e-07,2.227137397068356e-05
4.5933969794328595e-07,3.6879853273841594e-07,3.532431904918918e-07,2.1862348146600146e-05
4.5906813502190687e-07,3.724513482645887e-07,3.5862189026801085e-07,2.1447436165504057e-05
4.592418236984746e-07,3.7603833448461255e-07,3.6404496856455116e-07,2.1027300969839248e-05
4.598578471759165e-07,3.795522999358981e-07,3.694860080850691e-07,2.060291869416141e-05
4.609078340968988e-07,3.829870438870604e-07,3.749164523636224e-07,2.017556272299831e-05
4.6237592763307326e-07,3.863364626966229e-07,3.8030613234860937e-07,1.9746613646722626e-05
4.642407678088126e-07,3.895938568528496e-07,3.8562373647984277e-07,1.9317366047230773e-05
4.66482040838768e-07,3.9275171828630365e-07,3.90838051356985e-07,1.888898754248685e-05
4.6908855776754243e-07,3.958020878678268e-07,3.9591892481210255e-07,1.846262683166647e-05
4.7206270744501246e-07,3.987377144834042e-07,4.00836831144566e-07,1.8039561061197926e-05
4.754179077387313e-07,4.015540215582401e-07,4.0556277853281046e-07,1.7621228059888848e-05
4.79170433168089e-07,4.0425029099921547e-07,4.1006959151435643e-07,1.7209109812328485e-05
4.833307650682298e-07,4.0682841138766e-07,4.1433331074758156e-07,1.6804649537034287e-05
4.878984074477192e-07,4.0929050479425275e-07,4.1833374428462477e-07,1.640931177070431e-05
4.928602946116901e-07,4.1163778083878506e-07,4.220540094678154e-07,1.6024651404328835e-05
4.981917279553741e-07,4.138707873793009e-07,4.254800031385014e-07,1.5652287140745638e-05
5.038590790599996e-07,4.1599050410023066e-07,4.286007861220426e-07,1.5293831089441547e-05
5.098224437620665e-07,4.1799915212568863e-07,4.314086822039901e-07,1.4950823289872807e-05
5.160371401057609e-07,4.198994439572264e-07,4.3389814965012796e-07,1.4624658937371853e-05
5.224552619237107e-07,4.216941618413365e-07,4.3606455957918215e-07,1.4316508248871576e-05
5.290272953218302e-07,4.2338675331424923e-07,4.379034543953559e-07,1.4027263874421606e-05
5.357025118265998e-07,4.249801014044193e-07,4.394098948181946e-07,1.3757520872207639e-05
5.424285018184646e-07,4.2647459421896614e-07,4.4057790261634205e-07,1.3507570406971491e-05
5.491507152055257e-07,4.278699751956696e-07,4.414003564572359e-07,1.3277421008862845e-05
5.558125338549942e-07,4.291697636257854e-07,4.4186935581809625e-07,1.306690279707398e-05
5.623563311542823e-07,4.3038165306155175e-07,4.4197692748016843e-07,1.2875900106078484e-05
5.687250110422458e-07,4.3151297848724965e-07,4.417162495107088e-07,1.2704573459493491e-05
5.748628127486997e-07,4.3256724466683407e-07,4.4108296243618324e-07,1.2553343145716672e-05
5.807155521581903e-07,4.3354397444756243e-07,4.400754245535831e-07,1.242273799903093e-05
5.862315358838377e-07,4.3443953595168924e-07,4.3869411085329845e-07,1.2313391138488327e-05
5.913625710045668e-07,4.3524783401420544e-07,4.3694213362436895e-07,1.2226128370465245e-05
5.960644390830095e-07,4.3596091229398403e-07,4.348267306964904e-07,1.216193903995453e-05
6.002978922332501e-07,4.365693365400619e-07,4.3235904191977683e-07,1.2121840766835816e-05
6.040295598341761e-07,4.370623325520173e-07,4.295520908133615e-07,1.2106741559024475e-05
6.072315103898078e-07,4.3742777819031153e-07,4.264194070657893e-07,1.2117342729041466e-05
6.09880559926068e-07,4.3765239140452186e-07,4.2297511633043386e-07,1.21540795013014e-05
6.11958027057747e-07,4.3772259644862594e-07,4.1923422323250726e-07,1.2217072002093891e-05
6.134499138573594e-07,4.376257395116439e-07,4.152121390649506e-07,1.2306096033145736e-05
6.143487211458756e-07,4.373502726197755e-07,4.1092391266672825e-07,1.2420588359532167e-05
6.146555302923207e-07,4.36884790998964e-07,4.063836935731383e-07,1.2559654477482691e-05
6.143789853495435e-07,4.36218250870129e-07,4.0160463882089593e-07,1.2722079767801073e-05
6.135321717999444e-07,4.3534186452784586e-07,3.965997270279034e-07,1.2906373302429855e-05
6.121299209218188e-07,4.3424963179599656e-07,3.9138388126532677e-07,1.3110819729117806e-05
6.101868029318798e-07,4.3293694063148776e-07,3.859765215642217e-07,1.3333521947946875e-05
6.077172811087573e-07,4.314003657223323e-07,3.80402340324616e-07,1.3572468132279546e-05
6.0473879329986e-07,4.296391568011403e-07,3.7469004875973883e-07,1.3825636103842401e-05
6.012738049593454e-07,4.276561732675645e-07,3.6887182162399407e-07,1.4091091346199975e-05
5.973485114625968e-07,4.254584937575218e-07,3.629839819840266e-07,1.4367016565037151e-05
5.929925259468511e-07,4.2305854065406384e-07,3.570654880871396e-07,1.4651671627823697e-05
5.882418270897543e-07,4.204734201368479e-07,3.511538817220008e-07,1.4943342985477924e-05
5.83142377279695e-07,4.177215152666842e-07,3.452833124790692e-07,1.5240318844969808e-05
5.777539229022839e-07,4.1481949317609504e-07,3.3948601234998694e-07,1.5540893918208177e-05
5.721506479093873e-07,4.117819623299311e-07,3.337933589969307e-07,1.5843389714936914e-05
5.66414374122612e-07,4.0862237623626926e-07,3.282343602600843e-07,1.6146148051847448e-05
5.606285450462625e-07,4.0535363546493603e-07,3.2283359934227004e-07,1.644748478947225e-05
5.548801935966767e-07,4.0198957395840725e-07,3.176104622549637e-07,1.6745666968064182e-05
5.492609050576075e-07,3.9854759820393795e-07,3.125793713734833e-07,1.7038963991604635e-05
5.438604877279575e-07,3.950497346834601e-07,3.0775060628375944e-07,1.7325742218618395e-05
5.387597995228601e-07,3.915209082521593e-07,3.031315537138652e-07,1.7604566267804223e-05
5.340284387993957e-07,3.8798626288840936e-07,2.987279083935741e-07,1.7874283856506668e-05
5.297261818920045e-07,3.8446983621841347e-07,2.945438466972763e-07,1.8134030546698525e-05
5.259037522081562e-07,3.80995068751581e-07,2.905811332540997e-07,1.838312320010685e-05
5.226015235660502e-07,3.775854344426936e-07,2.868394075763209e-07,1.8620920436617042e-05
5.198505079476943e-07,3.742642958958608e-07,2.833187522652489e-07,1.8846746547303965e-05
5.176781064299597e-07,3.7105405307949326e-07,2.8002170123272364e-07,1.9059895568966647e-05
5.161149749727515e-07,3.679750982828114e-07,2.7695295982708213e-07,1.925967827153403e-05
5.151986658182857e-07,3.6504700751694744e-07,2.741187338887311e-07,1.944545747089388e-05
5.149716888387309e-07,3.6229117405398027e-07,2.715258983610382e-07,1.9616628041736692e-05
5.154743360055455e-07,3.5972962173986005e-07,2.691801871306341e-07,1.9772576130263925e-05
5.167363071149313e-07,3.5738028835346216e-07,2.6708484086966626e-07,1.9912709644224767e-05
5.187720043549884e-07,3.5525449642576716e-07,2.652404467377512e-07,2.0036590927811372e-05
5.215817654547826e-07,3.533585641505512e-07,2.6364509102219e-07,2.014410701581424e-05
5.251569724666113e-07,3.516973294461504e-07,2.622946534564557e-07,2.0235572526000172e-05
5.294840941148846e-07,3.502767989378594e-07,2.611836713943567e-07,2.0311684283133567e-05
5.345443712368874e-07,3.491054945053983e-07,2.603059105683659e-07,2.0373340892764408e-05
5.403109388359328e-07,3.48195860635154e-07,2.596535983415832e-07,2.0421423176887422e-05
5.46747776515547e-07,3.475639840473903e-07,2.592166959835196e-07,2.045663714348857e-05
5.538114906535704e-07,3.472255873074368e-07,2.589836299200541e-07,2.0479474351205574e-05
5.614547921413345e-07,3.471910749306925e-07,2.5894233398618924e-07,2.0490267708670182e-05
5.696312296460172e-07,3.474630019307621e-07,2.5908040012613447e-07,2.0489282381325388e-05
5.782980843748458e-07,3.4803682903167466e-07,2.593849580491132e-07,2.047683648846296e-05
5.874139340971975e-07,3.489045170476651e-07,2.598431078340817e-07,2.0453494218284118e-05
5.969333356526861e-07,3.500586139826225e-07,2.6044253466907874e-07,2.0420247055499083e-05
6.068043939631907e-07,3.5149396468755677e-07,2.611713380316323e-07,2.0378496396543947e-05
6.169716148565425e-07,3.5320638905720337e-07,2.6201720136375626e-07,2.0329847035756715e-05
6.273802878066257e-07,3.5518964642364727e-07,2.629668963465614e-07,2.027588381333146e-05
6.379770502050122e-07,3.574331643884043e-07,2.640069221327197e-07,2.0218023744258213e-05
6.487077939759861e-07,3.5992277630271006e-07,2.6512576105803305e-07,2.015752446358529e-05
6.595165216350243e-07,3.626432109487411e-07,2.6631560211646327e-07,2.009572837614628e-05
6.703446051768251e-07,3.6557898764815136e-07,2.675707009438412e-07,2.0034373327589825e-05
6.811316665156928e-07,3.687140750996549e-07,2.688847159881619e-07,1.9975672023825945e-05
6.918203707387091e-07,3.7203313786318716e-07,2.702504470371141e-07,1.9922141220561507e-05
7.023606033301716e-07,3.755235254869274e-07,2.7166040577530945e-07,1.9876378312407396e-05
7.127077225942673e-07,3.791748477443785e-07,2.7310645111767864e-07,1.9840901619647337e-05
7.228174583613876e-07,3.829764738966314e-07,2.7458013862891967e-07,1.9818057625731744e-05
7.326425934311564e-07,3.86915925516793e-07,2.760741326805417e-07,1.980996415433868e-05
7.421325878636714e-07,3.9097924040752954e-07,2.7758262074039214e-07,1.98184824201301e-05
7.512348843832976e-07,3.951520528291106e-07,2.791003892852002e-07,1.9845215350330525e-05
7.598966439423385e-07,3.99419922980618e-07,2.8062192728641073e-07,1.9891496995074567e-05
7.680664951621809e-07,4.037674985952633e-07,2.821411564609785e-07,1.9958352960791133e-05
7.75697117794345e-07,4.0817738135626187e-07,2.8365225711675217e-07,2.0046444280475688e-05
7.827492866538964e-07,4.126301164855252e-07,2.85151894310798e-07,2.0156012599008006e-05
7.891957926538805e-07,4.17104670133825e-07,2.866407404398275e-07,2.028683963216168e-05
7.950219540775548e-07,4.215776802271588e-07,2.881222575894534e-07,2.0438233638930146e-05
8.002217353847238e-07,4.26022548897208e-07,2.896001229834613e-07,2.0609073398173128e-05
8.047927530446358e-07,4.3040997098390616e-07,2.9107602021368396e-07,2.079792969382064e-05
8.087330573289812e-07,4.347095311840319e-07,2.9254846435603627e-07,2.1003220323165205e-05
8.120400011364855e-07,4.3889124956071957e-07,2.940132930902577e-07,2.122333419026868e-05
8.147112413650586e-07,4.429259193120668e-07,2.954647625710009e-07,2.1456710748293214e-05
8.167466185583077e-07,4.4678461825220327e-07,2.968962529324429e-07,2.170188737912225e-05
8.181479932345942e-07,4.504390272632001e-07,2.983021225488425e-07,2.1957519316299927e-05
8.189169299387608e-07,4.5386353147154934e-07,2.9968098956647947e-07,2.2222368858967985e-05
8.190537719470835e-07,4.5703805276209613e-07,3.01036990346521e-07,2.249525327560768e-05
8.185594830343226e-07,4.599486167071882e-07,3.023771955080894e-07,2.277494993205564e-05
8.174383177128881e-07,4.625849033260005e-07,3.037084481194685e-07,2.3060086392229145e-05
8.157001938902031e-07,4.649377754359129e-07,3.0503726009655545e-07,2.3349071165138066e-05
8.133639450419198e-07,4.669993225633915e-07,3.063721193343693e-07,2.364008519714407e-05
8.10461233392492e-07,4.6876393118634893e-07,3.077241670580145e-07,2.393110131790467e-05
8.070365134925291e-07,4.7022770120073497e-07,3.091045970432966e-07,2.4219931351481078e-05
8.031408564358592e-07,4.713877491674733e-07,3.1052207598866126e-07,2.450431468606636e-05
7.988238535597433e-07,4.722430052343189e-07,3.1198293261677034e-07,2.4782013912545684e-05
7.941292423870595e-07,4.7279436591038635e-07,3.134927534154478e-07,2.505087010580933e-05
7.89097213332498e-07,4.730443986136248e-07,3.1505679292231414e-07,2.530880085986673e-05
7.837697321923123e-07,4.7299852217485227e-07,3.166789333268705e-07,2.5553768498455537e-05
7.781919498948722e-07,4.7266608186984046e-07,3.183608427522028e-07,2.578376081332494e-05
7.724093927177871e-07,4.720597783238852e-07,3.2010180028502286e-07,2.599681393120456e-05
7.664659306135897e-07,4.7119459779175777e-07,3.2189851542423005e-07,2.619110288271549e-05
7.604029573627872e-07,4.700879095025505e-07,3.2374482540437013e-07,2.636509906905535e-05
7.542567802373648e-07,4.687618288321796e-07,3.2563127343623986e-07,2.6517723207527814e-05
7.48056183145592e-07,4.6724611818951923e-07,3.27545122535628e-07,2.6648388961190306e-05
7.418233613637271e-07,4.655782484254198e-07,3.294718313932367e-07,2.6756906547166226e-05
7.35576450278142e-07,4.638007567828356e-07,3.313969161376215e-07,2.684330443705011e-05
7.293315149042836e-07,4.6195798501897776e-07,3.3330598749543763e-07,2.6907659730802115e-05
7.231040756474908e-07,4.60092501153333e-07,3.351836335082248e-07,2.695001515942608e-05
7.169090516511919e-07,4.5824150691269205e-07,3.370137825644736e-07,2.697037657811986e-05
7.107586312874604e-07,4.564344879301346e-07,3.387822080271749e-07,2.696872231823965e-05
7.046604618756292e-07,4.546926543238488e-07,3.404789249818171e-07,2.694504232383888e-05
6.986175430123728e-07,4.530298995154972e-07,3.4209769788587e-07,2.689952235186196e-05
6.926296564351985e-07,4.514544698930967e-07,3.436332985230284e-07,2.683285588804088e-05
6.86695971137372e-07,4.499700617359496e-07,3.4508003625443873e-07,2.674643677787165e-05
6.808166712720585e-07,4.4857619476228277e-07,3.4643276127413027e-07,2.664225341888117e-05
6.749922487705333e-07,4.4726942384693224e-07,3.4768856361261413e-07,2.652259566309716e-05
6.692225804504314e-07,4.4604571240173847e-07,3.4884718172680445e-07,2.638976983539009e-05
6.635072614224521e-07,4.449011385305275e-07,3.4990957909112576e-07,2.624595331614249e-05
6.578462511590369e-07,4.4383009231345427e-07,3.508772080708809e-07,2.6093318134833702e-05
6.522400397152761e-07,4.428252331230472e-07,3.517535704449155e-07,2.593435463664705e-05
6.466893020210051e-07,4.418805241459033e-07,3.525445238727807e-07,2.5772056180258186e-05
6.411945492985622e-07,4.409924901773447e-07,3.5325672969605326e-07,2.5609801602177992e-05
6.357556827066604e-07,4.4015833333292676e-07,3.53899541952838e-07,2.545109430111604e-05
6.3037093558663e-07,4.39375553178978e-07,3.5448933317583034e-07,2.529931852655669e-05
6.250358492656969e-07,4.386433602115208e-07,3.5504912741950715e-07,2.515756043291559e-05
6.197427550018836e-07,4.3796188058666897e-07,3.556036496098852e-07,2.502849503162455e-05
6.144806566723843e-07,4.3733029787590637e-07,3.561760719184736e-07,2.491432703597685e-05
6.092357673448296e-07,4.367461864799469e-07,3.567880654677047e-07,2.481677435933823e-05
6.039927465816232e-07,4.36205037000248e-07,3.5745954277987536e-07,2.4737072254162184e-05
5.987366727211073e-07,4.357004591967253e-07,3.5820653722053563e-07,2.46759749181302e-05
5.934553919748422e-07,4.3522526729916573e-07,3.5903922426920545e-07,2.4633751306461976e-05
5.881404691007494e-07,4.347716712438604e-07,3.5996173681033027e-07,2.4610186650241405e-05
5.827860655156906e-07,4.343316834487354e-07,3.609739454831949e-07,2.460460878191369e-05
5.773879859819436e-07,4.338999854776539e-07,3.6207381549665997e-07,2.461595472608045e-05
5.719437640401491e-07,4.334760581720809e-07,3.6325849223737423e-07,2.4642868952970247e-05
5.664521790607114e-07,4.330615565543568e-07,3.645240067247503e-07,2.4683808139732505e-05
5.609125391375758e-07,4.3265607377009706e-07,3.6586433314743256e-07,2.473713115615837e-05
5.553251953333469e-07,4.322563447045232e-07,3.6727156009985753e-07,2.4801160656839762e-05
5.496923503739049e-07,4.318580461126764e-07,3.687399345050012e-07,2.487422369315928e-05
5.440173213119721e-07,4.31456322144681e-07,3.702714315828804e-07,2.495469165203146e-05
5.383032466124637e-07,4.31045373814693e-07,3.718755827170865e-07,2.5041013037268103e-05
5.325536207345901e-07,4.3062046684694244e-07,3.735635571301108e-07,2.5131713124819626e-05
5.267743534075426e-07,4.3018059237363913e-07,3.7534368139543536e-07,2.522535629973187e-05
5.209749817488356e-07,4.2972740652491424e-07,3.772201101598973e-07,2.532049299194971e-05
5.151679309243747e-07,4.292620056946819e-07,3.7919219488123033e-07,2.5415636236719586e-05
5.093682371139142e-07,4.2878293835633614e-07,3.812544090999061e-07,2.550931928402276e-05
5.035955411623365e-07,4.282852950386286e-07,3.833967793507558e-07,2.5600203062020214e-05
4.978746966133804e-07,4.277609107866548e-07,3.8560581457026343e-07,2.568712774411401e-05
4.922324013355946e-07,4.2720037257091274e-07,3.8786680020715634e-07,2.5769083216004525e-05
4.866937932679463e-07,4.265949339074279e-07,3.9016603292066606e-07,2.584516652082282e-05
4.812826507456121e-07,4.2593651261635603e-07,3.9249062350291403e-07,2.591456728215664e-05
4.760233255871538e-07,4.25217563704875e-07,3.948274800772278e-07,2.597655368651229e-05
4.7094124161512576e-07,4.244320661981219e-07,3.9716456388344025e-07,2.603041068005617e-05
4.660610792936804e-07,4.2357569287114525e-07,3.9949289525341813e-07,2.607534819456535e-05
4.6140369879257356e-07,4.2264517700302355e-07,4.0180598960549005e-07,2.6110457945499012e-05
4.5698411247032854e-07,4.216393194189964e-07,4.040971596823048e-07,2.613474833269213e-05
4.5281140676424104e-07,4.2056126869633493e-07,4.063570448324501e-07,2.6147232198675532e-05
4.4888988431726857e-07,4.19420183800843e-07,4.085724958440426e-07,2.614706932583456e-05
4.452217287147051e-07,4.182330799491134e-07,4.107269654407749e-07,2.6133748994002208e-05
4.418102581271402e-07,4.170267287613394e-07,4.1280201161200145e-07,2.6107201095304928e-05
4.386607907355979e-07,4.1583618383963096e-07,4.1477858542192454e-07,2.606774255892861e-05
4.357799329873091e-07,4.146991555243643e-07,4.1663717806572826e-07,2.6015899724996106e-05
4.331770237074772e-07,4.1364983178553436e-07,4.1835755980683105e-07,2.595220992475691e-05
4.308652549042303e-07,4.1271533580530045e-07,4.1991881801483045e-07,2.587708932618448e-05
4.288582941174811e-07,4.119151893649933e-07,4.213000102900449e-07,2.5790788724870482e-05
4.271674722618296e-07,4.112625955497549e-07,4.2248203737646463e-07,2.5693393790881776e-05
4.258040956654565e-07,4.107664201383481e-07,4.2344988549366457e-07,2.558487783437247e-05
4.2478199756862954e-07,4.1043263909503063e-07,4.241934772420329e-07,2.5465304603384546e-05
4.2411735658888436e-07,4.102643923704104e-07,4.247073261445985e-07,2.533517983257141e-05
4.238285265839341e-07,4.102612304176438e-07,4.249905132877016e-07,2.5195717822177626e-05
4.239350934096846e-07,4.104186636537017e-07,4.250469949588904e-07,2.5048817805297336e-05
4.24454603607484e-07,4.107283803254296e-07,4.2488430408193453e-07,2.489683350099686e-05
4.2540118975073103e-07,4.1117877010243063e-07,4.245105563510904e-07,2.474229584205721e-05
4.26787124988606e-07,4.1175539642632386e-07,4.239323387729923e-07,2.4587665467399122e-05
4.2862177079960757e-07,4.1244159039418907e-07,4.231540330052744e-07,2.4435265392574882e-05
4.309072295292242e-07,4.132202239047946e-07,4.221773838459649e-07,2.428746499310459e-05
4.3363568582272556e-07,4.140768120188578e-07,4.210015022470018e-07,2.414688008977351e-05
4.367911298510881e-07,4.1500201750480353e-07,4.196236690724306e-07,2.401638043760572e-05
4.4035553057002754e-07,4.159922453124568e-07,4.180401971762545e-07,2.389897317017362e-05
4.4431559653717115e-07,4.1704860220149607e-07,4.162467339343421e-07,2.379766921947754e-05
4.4866339458026095e-07,4.181749678892132e-07,4.142384739908074e-07,2.3715350457036905e-05
4.5339217464078615e-07,4.193756749486622e-07,4.1201103443775186e-07,2.3654655524534825e-05
4.584945232344115e-07,4.206529949259827e-07,4.095620191568589e-07,2.361791708877095e-05
4.639626948649748e-07,4.220053093023692e-07,4.068927302895081e-07,2.360715206064417e-05
4.697864419931569e-07,4.2342708647262897e-07,4.040092537652445e-07,2.362407193353764e-05
4.7594869641237143e-07,4.249102901408007e-07,4.009216794255949e-07,2.3670068929622862e-05
4.824229189800303e-07,4.264451769889541e-07,3.9764139045030105e-07,2.374614711285329e-05
4.891733976595338e-07,4.2801994117877725e-07,3.941787247841906e-07,2.385282010361957e-05
4.961583345057653e-07,4.2962196600909384e-07,3.905430917497239e-07,2.399002692553532e-05
5.03335252245924e-07,4.3124163000907794e-07,3.86745103329593e-07,2.4157098248571675e-05
5.106653123092057e-07,4.3287458853162186e-07,3.827977617501456e-07,2.4352813113774845e-05
5.181143193151419e-07,4.345194702837056e-07,3.7871489900079273e-07,2.4575568714906085e-05
5.256523759334733e-07,4.361735370329358e-07,3.745092607035778e-07,2.482359190100169e-05
5.332532283585506e-07,4.3783047132319396e-07,3.7019262875741756e-07,2.5095090340027152e-05
5.408926578867642e-07,4.3948108563300427e-07,3.657771933390932e-07,2.538831955165545e-05
5.485463896014957e-07,4.4111466223621037e-07,3.612767060253297e-07,2.5701594068851112e-05
5.561886885028901e-07,4.427196975860688e-07,3.567067547815779e-07,2.603325208076853e-05
5.637923773714724e-07,4.442852074817647e-07,3.5208397413443533e-07,2.6381581417459056e-05
5.713308068476386e-07,4.4580276215047656e-07,3.474249721625259e-07,2.6744745179133717e-05
5.787812992902245e-07,4.4726729161428383e-07,3.427461437305637e-07,2.712073207536498e-05
5.861265009718142e-07,4.486750807325699e-07,3.380639395939868e-07,2.75073241284998e-05
5.933516596250904e-07,4.500203428474689e-07,3.333941352263676e-07,2.790210989905846e-05
6.004420190077117e-07,4.512934037074045e-07,3.2875072076155927e-07,2.830258070721557e-05
6.073832959719867e-07,4.5248111840701714e-07,3.241463225777668e-07,2.8706250103375787e-05
6.141625829350958e-07,4.5356832482504737e-07,3.1959361531409417e-07,2.9110713118991718e-05
6.207675682297809e-07,4.5453975381877386e-07,3.151067254794243e-07,2.9513657361623607e-05
6.27184708462946e-07,4.5538227337959096e-07,3.1070237316962764e-07,2.9912874344291942e-05
6.333981814399614e-07,4.5608669792361143e-07,3.0639918498569467e-07,3.030626137130465e-05
6.393917830276343e-07,4.5664768371807564e-07,3.022155489099482e-07,3.069176269156278e-05
6.451527155984354e-07,4.570625252963585e-07,2.981683868797911e-07,3.106726374421038e-05
6.50673096033966e-07,4.5733079607258216e-07,2.9427290063893234e-07,3.1430550601849e-05
6.559479242763074e-07,4.5745336223915777e-07,2.9054219875767953e-07,3.1779408681628776e-05
6.609723149920337e-07,4.5743009552922403e-07,2.869871290292197e-07,3.2111805088080225e-05
6.657395863446782e-07,4.572591690119499e-07,2.8361659448900983e-07,3.2426080271563306e-05
6.70240466526738e-07,4.5693816212531616e-07,2.8043755586551125e-07,3.2721131605584544e-05
6.744643094769261e-07,4.564651292710268e-07,2.7745527843753124e-07,3.299652708868287e-05
6.784005547667904e-07,4.558401519909235e-07,2.7467482220009897e-07,3.325245665239175e-05
6.82038061057534e-07,4.5506693141409386e-07,2.7210238229442486e-07,3.3489540092066506e-05
6.853650436915023e-07,4.541519985945137e-07,2.6974552210282106e-07,3.3708592234339176e-05
6.883730259346488e-07,4.531021425399023e-07,2.676125462245168e-07,3.391042678591995e-05
6.910613747069889e-07,4.519228092527054e-07,2.657106204755885e-07,3.4095735397173216e-05
6.934363538376908e-07,4.506176016569421e-07,2.640442255469273e-07,3.426502144673516e-05
6.955052503680618e-07,4.4918816153392247e-07,2.626158030134246e-07,3.441857287403107e-05
6.972713052899182e-07,4.4763470916459123e-07,2.6142687642172725e-07,3.455654608141082e-05
6.98732109274536e-07,4.4595628853463824e-07,2.604780234697781e-07,3.467919576192071e-05
6.998798088926652e-07,4.4415011759693563e-07,2.597684137238912e-07,3.4787059728047714e-05
7.00701926250816e-07,4.422113988947922e-07,2.592957950175618e-07,3.4880879802249e-05
7.011834399131708e-07,4.401343037738907e-07,2.5905703477726393e-07,3.496133774116742e-05
7.01310357810779e-07,4.379131141510706e-07,2.5904875410581735e-07,3.502884490301537e-05
7.010731775620889e-07,4.3554271083689394e-07,2.592673309261389e-07,3.5083525612191686e-05
7.004678408114594e-07,4.330188832515493e-07,2.597078132442048e-07,3.5125451608175044e-05
6.994941555544056e-07,4.3033852484797365e-07,2.603627837431537e-07,3.515504397792193e-05
6.981540581439207e-07,4.274995923145496e-07,2.6122271888718217e-07,3.51733571138589e-05
6.964504999589379e-07,4.245025423096204e-07,2.622779019646719e-07,3.518206496013517e-05
6.943861851169046e-07,4.2135353175972756e-07,2.6352111166589466e-07,3.518327700005814e-05
6.919636466362735e-07,4.1806580053775157e-07,2.6495050973961397e-07,3.5179359281108536e-05
6.891883688882065e-07,4.146571727478906e-07,2.665710539320763e-07,3.517278869567454e-05
6.860713687356297e-07,4.111464348918556e-07,2.6839201978693517e-07,3.516600998963833e-05
6.826274657069064e-07,4.0755165795258976e-07,2.704218415090505e-07,3.516129811435215e-05
6.788724359138339e-07,4.0389016245859254e-07,2.726642886297212e-07,3.516065716636072e-05
6.748225706454678e-07,4.0017910651196716e-07,2.751174027069044e-07,3.516577538419314e-05
6.704949722895071e-07,3.964365864484018e-07,2.777737970206076e-07,3.517802103342454e-05
6.659065184152021e-07,3.9268251653384105e-07,2.806210052595519e-07,3.519843299792322e-05
6.610721950610162e-07,3.889388246200957e-07,2.8364217861432555e-07,3.522767128615189e-05
6.560049715844718e-07,3.8522861746378604e-07,2.868185199190562e-07,3.526594444778382e-05
6.507175154658461e-07,3.8157402291011427e-07,2.90132419302903e-07,3.5312957866634294e-05
6.452231678981176e-07,3.7799418496048454e-07,2.9356781650800274e-07,3.536792347916377e-05
6.395352959495888e-07,3.7450473167520134e-07,2.9710844515223306e-07,3.542964478352181e-05
6.336675811446707e-07,3.7111830417353243e-07,3.00737614967566e-07,3.5496634771260525e-05
6.276370006047948e-07,3.678447659568211e-07,3.044393028917781e-07,3.5567215416160746e-05
6.214669211967612e-07,3.646906825463417e-07,3.081990655858915e-07,3.5639599810469985e-05
6.151857631455347e-07,3.616597529935079e-07,3.120043120366089e-07,3.571196759729864e-05
6.088219281032898e-07,3.587542884756805e-07,3.1584310926744425e-07,3.578251070012724e-05
6.024006048542471e-07,3.559761799874229e-07,3.197028897919951e-07,3.584943577606082e-05
5.959438454482758e-07,3.5332725536567116e-07,3.2357066373053426e-07,3.591094838230483e-05
5.894711578486347e-07,3.5080857050361234e-07,3.274332049360137e-07,3.5965243037980934e-05
5.830008658289498e-07,3.484187679131405e-07,3.3127620250662324e-07,3.6010500708344547e-05
5.765524339738121e-07,3.4615394105753843e-07,3.350838129914256e-07,3.604490910893429e-05
5.701470925408082e-07,3.4400957174545946e-07,3.388393281967147e-07,3.606671406454232e-05
5.638076990749957e-07,3.41982594005747e-07,3.425267022238447e-07,3.607425220305699e-05
5.575598486073126e-07,3.4007205762789176e-07,3.461322836752404e-07,3.6065932458069865e-05
5.51431535700263e-07,3.3827801933924606e-07,3.496447821969932e-07,3.6040201043645064e-05
5.45450477087574e-07,3.366006391505062e-07,3.5305356168389064e-07,3.5995522160539155e-05
5.39643459155387e-07,3.35041533598888e-07,3.563478669059561e-07,3.59303901857076e-05
5.340417394354603e-07,3.336057270628692e-07,3.595169954797985e-07,3.584339673054399e-05
5.28689720499091e-07,3.3230190850659925e-07,3.6255010376880996e-07,3.57333504910051e-05
5.236481621370992e-07,3.31140753989593e-07,3.654367275787249e-07,3.559938765125593e-05
5.189888480264634e-07,3.3013243403440287e-07,3.681688410079628e-07,3.544102331257394e-05
5.147855550331888e-07,3.292858719558905e-07,3.7074273028497905e-07,3.525818405138662e-05
5.111059398448724e-07,3.286099801414048e-07,3.731585884444008e-07,3.505127354772069e-05
5.080076693458748e-07,3.281131321566711e-07,3.7541808944483816e-07,3.4821259352634134e-05
5.05538847593332e-07,3.278000360645593e-07,3.7752237998444145e-07,3.4569703235616557e-05
5.037380260130729e-07,3.2766966020796205e-07,3.794721221818272e-07,3.429864605814341e-05
5.02631773498566e-07,3.277161080082528e-07,3.8126932351605647e-07,3.4010357378787264e-05
5.022326597801139e-07,3.279308765413919e-07,3.8291952281156826e-07,3.370704934210286e-05
5.025400248882051e-07,3.283041395522796e-07,3.8443216700066e-07,3.339065599360251e-05
5.035428759130048e-07,3.288248108750113e-07,3.858187177134412e-07,3.306273854054788e-05
5.05221923203603e-07,3.2948084860965966e-07,3.870906119629856e-07,3.2724499261605765e-05
5.075492250471119e-07,3.302598902615129e-07,3.882581305455718e-07,3.237683614273302e-05
5.10488294519472e-07,3.311501183565579e-07,3.893294751229754e-07,3.2020432095127394e-05
5.139990965312964e-07,3.321414678528818e-07,3.903102751304194e-07,3.165594704665419e-05
5.1804902405017e-07,3.332254678728686e-07,3.9120356268995705e-07,3.1284241736600674e-05
5.226235578708998e-07,3.343931011427438e-07,3.920097107763682e-07,3.0906416258975875e-05
5.277274601197962e-07,3.356338008440788e-07,3.9272706889591273e-07,3.052364688689218e-05
5.333756518259911e-07,3.369386417782196e-07,3.9335336211642217e-07,3.0136999835404547e-05
5.39581032723935e-07,3.383053420516523e-07,3.938866714964924e-07,2.9747347778389435e-05
5.4634675459139e-07,3.397392366984166e-07,3.943252204548833e-07,2.9355491531479485e-05
5.536651533965769e-07,3.4124922471311233e-07,3.946663332332545e-07,2.8962486953478827e-05
5.615193739569599e-07,3.4284297964777414e-07,3.949063529480831e-07,2.8569916007521588e-05
5.698842358645813e-07,3.4452396503729036e-07,3.950417369633231e-07,2.8179869391737867e-05
5.787263578854282e-07,3.4629025379977325e-07,3.950694812391153e-07,2.779474002108713e-05
5.880038069452982e-07,3.481350059086395e-07,3.9498648003624587e-07,2.7417030174131672e-05
5.976664092138625e-07,3.500477641816105e-07,3.9478876530198066e-07,2.704921745604256e-05
6.076589876944588e-07,3.520160898372149e-07,3.944716220201485e-07,2.6693644999170363e-05
6.179259182219746e-07,3.5402745746917884e-07,3.9403074168399184e-07,2.635243030918829e-05
6.284129842397056e-07,3.560702105357943e-07,3.934629029590113e-07,2.602741491998481e-05
6.390668740548683e-07,3.581332774871625e-07,3.9276528325917406e-07,2.5720171704112413e-05
6.498342722409319e-07,3.6020600026476886e-07,3.919343677709553e-07,2.5432049753035198e-05
6.60661042363397e-07,3.622792458894258e-07,3.909654898010844e-07,2.5164208182436373e-05
6.714919960396828e-07,3.643478802114993e-07,3.8985362555791284e-07,2.491760647660155e-05
6.822705459424297e-07,3.6641315100453227e-07,3.885949177253939e-07,2.469295696471679e-05
6.92937925300539e-07,3.6848294609659905e-07,3.871870992371674e-07,2.449067247075236e-05
7.034332330984373e-07,3.7056919365234883e-07,3.8562853690746687e-07,2.4310834797989537e-05
7.136948767038982e-07,3.7268497575555574e-07,3.8391726267847755e-07,2.415317379013468e-05
7.236624230695723e-07,3.7484480475234377e-07,3.820508319708032e-07,2.401705878987149e-05
7.332780334838395e-07,3.770656519859075e-07,3.800275135385117e-07,2.390154403059963e-05
7.424896721393417e-07,3.793641191485265e-07,3.778485964527093e-07,2.3805483681871336e-05
7.512560753272667e-07,3.8175165716829974e-07,3.755199745502794e-07,2.3727680019282588e-05
7.595476589918531e-07,3.842321455663994e-07,3.730517767202438e-07,2.3667007047294808e-05
7.673425493770922e-07,3.868023055925767e-07,3.704573127080503e-07,2.362246721480449e-05
7.746231009893558e-07,3.8945346114775684e-07,3.6775289903134496e-07,2.359318516091095e-05
7.813735841051406e-07,3.921732310968155e-07,3.649581261135515e-07,2.357836397546881e-05
7.875774349708259e-07,3.94946504831122e-07,3.6209478989057313e-07,2.3577204482644838e-05
7.932158053952406e-07,3.977564316157695e-07,3.5918411662489254e-07,2.3588791214796465e-05
7.982681068307119e-07,4.005855642463272e-07,3.562448508645559e-07,2.3612008585995515e-05
8.027130450811505e-07,4.034159799493438e-07,3.532941127102056e-07,2.3645544193944093e-05
8.06529704234145e-07,4.0622886709453287e-07,3.503488800699373e-07,2.3687944052079497e-05
8.09698786486933e-07,4.0900482419422497e-07,3.474253096763259e-07,2.373766484358273e-05
8.122036162257543e-07,4.117240243045068e-07,3.445368171302602e-07,2.3793108777427703e-05
8.140301437010444e-07,4.143658947424598e-07,3.416933568213667e-07,2.3852637861920128e-05
8.151661215838691e-07,4.169096702762557e-07,3.389019805428669e-07,2.391459509761932e-05
8.156010359419009e-07,4.193363222590774e-07,3.361680021582012e-07,2.397736603184346e-05
8.153269053845838e-07,4.216302998533371e-07,3.3349660611326973e-07,2.4039444833231548e-05
8.143383734434331e-07,4.2377884183985326e-07,3.308933715885438e-07,2.409949169900044e-05
8.126316787850723e-07,4.2576958405363313e-07,3.283628208630113e-07,2.415644381176121e-05
8.102035456762298e-07,4.2758936078827357e-07,3.259069498799395e-07,2.4209638348517398e-05
8.070509751479881e-07,4.2922503577082256e-07,3.2352584833882844e-07,2.425880326735057e-05
8.03172481124672e-07,4.3066600755284633e-07,3.212203589749005e-07,2.430389940221174e-05
7.985702109980679e-07,4.3190750186269463e-07,3.18994395948451e-07,2.4344931719913942e-05
7.932511113711787e-07,4.329518481658126e-07,3.1685464475590225e-07,2.438181194854375e-05
7.872266171535072e-07,4.338065928769692e-07,3.148091837725229e-07,2.4414294885865177e-05
7.805116517275439e-07,4.344821872944087e-07,3.1286692148771164e-07,2.444200223621951e-05
7.731231984267958e-07,4.349907639689778e-07,3.11036792386533e-07,2.446451197630343e-05
7.650798637076052e-07,4.3534452835330045e-07,3.0932697034605377e-07,2.448144222404139e-05
7.564038181528766e-07,4.3555382295940505e-07,3.077444923160514e-07,2.449246700335198e-05
7.471227701331784e-07,4.35626453707901e-07,3.062939515308293e-07,2.4497291497368577e-05
7.372696659824747e-07,4.3556860051646815e-07,3.049762396760473e-07,2.4495715493388463e-05
7.268809485025469e-07,4.35385991355437e-07,3.037887405811221e-07,2.448779402828157e-05
7.159953115488729e-07,4.350835419575389e-07,3.027260994231875e-07,2.4473879082527757e-05
7.046555696284991e-07,4.3466433454276474e-07,3.0178081698333467e-07,2.445445847549683e-05
6.929118984655721e-07,4.3413019101941605e-07,3.009442842661582e-07,2.443003269850972e-05
6.808204382563356e-07,4.3348298655716437e-07,3.002091993938468e-07,2.4401232432108614e-05
6.684378120814151e-07,4.327246565066493e-07,2.995718087135845e-07,2.4369032735041762e-05
6.558174201065918e-07,4.318564523515896e-07,2.9903160898260195e-07,2.4334808608512242e-05
6.430085299314262e-07,4.3087935940541174e-07,2.9859005745930184e-07,2.4300227695871826e-05
6.300556119015482e-07,4.2979549515916756e-07,2.982499834502156e-07,2.4267118625752386e-05
6.169981778240922e-07,4.2860882599637327e-07,2.980143127629331e-07,2.4237367463270528e-05
6.038729463115872e-07,4.2732586591439296e-07,2.978842963602863e-07,2.421285348262839e-05
5.907170336132245e-07,4.25957288790426e-07,2.978596762203146e-07,2.419542111685345e-05
5.775683850866563e-07,4.245176851970178e-07,2.979407057303574e-07,2.4186844107594005e-05
5.644632017240386e-07,4.230220739757693e-07,2.981286217057016e-07,2.418875718829269e-05
5.514344035398225e-07,4.214827944852443e-07,2.9842352445549114e-07,2.4202586559241783e-05
5.385122874431618e-07,4.1990934429533594e-07,2.9882267104698484e-07,2.4229519785299296e-05
5.257252802471879e-07,4.1830999771182863e-07,2.993207544072961e-07,2.4270504674776558e-05
5.131004801283661e-07,4.1669311875564253e-07,2.9991123867939637e-07,2.4326218462470208e-05
5.006636235479754e-07,4.150670749156135e-07,3.005876507930596e-07,2.4396977969398136e-05
4.88437650491267e-07,4.1343957222650107e-07,3.01343618708529e-07,2.448265375312258e-05
4.764417071870929e-07,4.118171658932065e-07,3.0217143244828284e-07,2.458268629826861e-05
4.6469207301880425e-07,4.1020510233080103e-07,3.030606410295915e-07,2.4696210719883042e-05
4.532034818338579e-07,4.086082459329411e-07,3.0399797553059047e-07,2.4822191886257565e-05
4.4198959254173157e-07,4.0703273614178e-07,3.049683228576633e-07,2.495950724904563e-05
4.310635343470124e-07,4.0548692392160723e-07,3.0595544958696326e-07,2.510702053706585e-05
4.2043877406314453e-07,4.039806607314396e-07,3.069423187653434e-07,2.5263694611680178e-05
4.1012966888685286e-07,4.025233846998956e-07,3.07912580972124e-07,2.542872835641912e-05
4.001534913711507e-07,4.01122651634524e-07,3.088527028960422e-07,2.5601665298484687e-05
3.905343294382232e-07,3.9978387381189936e-07,3.097525555547083e-07,2.578242055772145e-05
3.8130386473395383e-07,3.985105203714029e-07,3.1060534469245647e-07,2.597121975568884e-05
3.7249645282441243e-07,3.9730428080312816e-07,3.114079332003312e-07,2.616848805688693e-05
3.6414428599478176e-07,3.961655626139876e-07,3.1215966817254746e-07,2.637471087024326e-05
3.5627795088898616e-07,3.950940808767038e-07,3.128598339782713e-07,2.6590252574450444e-05
3.489287339745067e-07,3.94089147905981e-07,3.135066522336612e-07,2.6815143212454072e-05
3.4212768986740487e-07,3.9314991768846156e-07,3.140985605069282e-07,2.704892111664799e-05
3.359037126997818e-07,3.922751802446885e-07,3.1463625559517896e-07,2.729060566990399e-05
3.3028323497851384e-07,3.91462782135891e-07,3.1512377861593427e-07,2.753876188482586e-05
3.252889440702489e-07,3.9070985844813453e-07,3.1556769830907377e-07,2.7791593895721168e-05
3.209374576262257e-07,3.900139093509799e-07,3.159756333181538e-07,2.8047070565936e-05
3.1723945205930763e-07,3.893733085145537e-07,3.1635530444900303e-07,2.8303093254592853e-05
3.142007415829835e-07,3.8878752694535606e-07,3.167133281895441e-07,2.85576303735226e-05
3.118214668040228e-07,3.8825890784237703e-07,3.170535653929291e-07,2.8808735482899463e-05
3.1009551068725773e-07,3.877944334154351e-07,3.173761689933333e-07,2.905448937209397e-05
3.0901120713063257e-07,3.87404345935149e-07,3.176780978356013e-07,2.929294020262707e-05
3.0855207479369433e-07,3.8709859076732846e-07,3.1795489181273687e-07,2.9522070969774944e-05
3.086986413620595e-07,3.8688478396902493e-07,3.1820235948967336e-07,2.9739835494985328e-05
3.094315245220452e-07,3.8676947992149273e-07,3.1841676967151215e-07,2.994425587670376e-05
3.107338369400728e-07,3.8676084606268097e-07,3.1859423913974405e-07,3.013347769683899e-05
3.125930660162359e-07,3.8686979951045046e-07,3.187306655516614e-07,3.0305746421137706e-05
3.1500199494331786e-07,3.871087718388811e-07,3.188218057885437e-07,3.0459422796967468e-05
3.179561672631228e-07,3.874894749495254e-07,3.188632338111381e-07,3.0593097404300314e-05
3.214502553297902e-07,3.880216315511782e-07,3.188504628582813e-07,3.070569843845245e-05
3.2547783984961854e-07,3.887128032749369e-07,3.187789433731948e-07,3.079650096670867e-05
3.3003288303967854e-07,3.895678399721585e-07,3.186443660135044e-07,3.0865035959975066e-05
3.351098331187056e-07,3.905879383445571e-07,3.1844359019793284e-07,3.09109769752331e-05
3.40703115521432e-07,3.917704245347551e-07,3.1817574418272573e-07,3.0934164354091696e-05
3.468067984941292e-07,3.9310912741870433e-07,3.178434769716772e-07,3.093477054701982e-05
3.5341302608445994e-07,3.945944075255261e-07,3.174533131399489e-07,3.0913359684850176e-05
3.6050868733015157e-07,3.9621309551837064e-07,3.170137375233209e-07,3.0870725371873746e-05
3.680728359417128e-07,3.9794973488391755e-07,3.1653263863353896e-07,3.080766396715372e-05
3.760761360893237e-07,3.997890829164742e-07,3.160167955315061e-07,3.0724835245951144e-05
3.8448084321824757e-07,4.0171792396480976e-07,3.1547312197142894e-07,3.062279240607136e-05
3.932412331799278e-07,4.0372541704290405e-07,3.1490952422551196e-07,3.050223377181897e-05
4.0230542156991703e-07,4.058025599828208e-07,3.143354281830664e-07,3.03643221130418e-05
4.116182981916397e-07,4.0794055957501366e-07,3.137627830228703e-07,3.0210780486771502e-05
4.211245074943144e-07,4.101293249028842e-07,3.132060341880266e-07,3.0043717770369e-05
4.307707833806257e-07,4.123588857381584e-07,3.126808334412169e-07,2.9865382668792866e-05
4.4050674069791105e-07,4.146225597617821e-07,3.1220308623241565e-07,2.9677977897095332e-05
4.502832708983277e-07,4.1691786302937106e-07,3.1178890717255503e-07,2.9483520232514946e-05
4.6005039859311286e-07,4.192445657370082e-07,3.114550358727704e-07,2.9283710561984266e-05
4.6975654049808607e-07,4.216028200016081e-07,3.1121801367883856e-07,2.9079844900702367e-05
4.793487406239786e-07,4.23993358061561e-07,3.11092348146443e-07,2.8872815617904863e-05
4.887733415352122e-07,4.2641790026962275e-07,3.11090291378976e-07,2.8663197485633745e-05
4.979765284365634e-07,4.2887780994895394e-07,3.112226881415276e-07,2.8451375622057203e-05
5.069045349709857e-07,4.3137227645801716e-07,3.114985745359941e-07,2.8237665546600806e-05
5.155044846843154e-07,4.338979126432543e-07,3.1192432310185287e-07,2.8022392098784583e-05
5.237260209959507e-07,4.3645038233322803e-07,3.1250442352004697e-07,2.78059253746018e-05
5.315226042987735e-07,4.3902631795088386e-07,3.1324355421766337e-07,2.7588694134962072e-05
5.38852865251953e-07,4.416234008935313e-07,3.141477306017475e-07,2.737120625930429e-05
5.456822752464295e-07,4.442388963534094e-07,3.152230368292853e-07,2.7154081518544896e-05
5.519830566503135e-07,4.468678320583245e-07,3.1647284322041895e-07,2.6938060531060777e-05
5.577330010049643e-07,4.4950280870056096e-07,3.178956621237352e-07,2.67239625791678e-05
5.629157805793366e-07,4.5213641970201826e-07,3.194845746663818e-07,2.6512616215393663e-05
5.675215631186441e-07,4.547631114107275e-07,3.212287860913056e-07,2.6304795917466602e-05
5.715457298778943e-07,4.573778672049575e-07,3.2311680140437214e-07,2.610115699361563e-05
5.74986322789575e-07,4.599740135938885e-07,3.2513782938514204e-07,2.5902157971425065e-05
5.778429313348868e-07,4.625430404175272e-07,3.27280732734344e-07,2.5708018224064e-05
5.801176544052254e-07,4.6507658702230395e-07,3.295346778471541e-07,2.5518774918296258e-05
5.818152539180896e-07,4.675688459653509e-07,3.3189140016973104e-07,2.533442989399295e-05
5.829415032359252e-07,4.7001702619638616e-07,3.3434494667888215e-07,2.515510054983776e-05
5.835016586004371e-07,4.724197264122391e-07,3.3688973998103965e-07,2.498108045321611e-05
5.83500035209396e-07,4.747744613768567e-07,3.395197321682869e-07,2.4812796558129863e-05
5.829406677722066e-07,4.770753347006375e-07,3.4222835538630984e-07,2.465074015395792e-05
5.818292415493169e-07,4.793126340130711e-07,3.450083262167128e-07,2.449543190882037e-05
5.801755824776386e-07,4.814742952334243e-07,3.478507966023176e-07,2.4347417712327248e-05
5.779945503572973e-07,4.83547842714378e-07,3.507439414573416e-07,2.42072431136157e-05
5.753044696188448e-07,4.855233710789047e-07,3.5367201378964293e-07,2.407534654009119e-05
5.721253569872077e-07,4.873978853080185e-07,3.5661601294988997e-07,2.395192182310091e-05
5.684801037082636e-07,4.891790798017175e-07,3.595559016719747e-07,2.383689060435584e-05
5.643982426142632e-07,4.908848662709385e-07,3.6247297093048657e-07,2.3730021743440773e-05
5.599172512386072e-07,4.925370517083148e-07,3.653509057081848e-07,2.3631106123015728e-05
5.550795396925278e-07,4.941540201927353e-07,3.681750234963586e-07,2.354012356730973e-05
5.499293078323779e-07,4.957480341892647e-07,3.7093062087955533e-07,2.3457376955644324e-05
5.445106165476279e-07,4.973267332885254e-07,3.7360210478447683e-07,2.338351584255023e-05
5.388655979408672e-07,4.988949043500429e-07,3.761732646261147e-07,2.331939178672817e-05
5.330349842826444e-07,5.004552544720788e-07,3.7862758067717257e-07,2.32658080624584e-05
5.27061931679643e-07,5.020103394069281e-07,3.8094830893693134e-07,2.322330325993377e-05
5.209960971755088e-07,5.035645538516889e-07,3.8311912195346385e-07,2.3192071620731282e-05
5.148946363828559e-07,5.051228763463593e-07,3.8512518563178685e-07,2.3172002488816225e-05
5.088187668391507e-07,5.066874399217334e-07,3.869535231067237e-07,2.3162749918853408e-05
5.028278466015391e-07,5.082548928731888e-07,3.885922543026181e-07,2.316378688500894e-05
4.969758741783063e-07,5.098157405520112e-07,3.900298446536129e-07,2.317449246920341e-05
4.913115518723428e-07,5.113555520048982e-07,3.9125526850603216e-07,2.3194333624180543e-05
4.858776815017967e-07,5.128573481111862e-07,3.922589406573787e-07,2.322303544812848e-05
4.80709366714525e-07,5.143033326255464e-07,3.930341597430641e-07,2.3260551823232448e-05
4.758340598626113e-07,5.156743980713973e-07,3.935781686461548e-07,2.330685770633856e-05
4.712726975306817e-07,5.169496530589429e-07,3.9389218674737246e-07,2.336174899302193e-05
4.670404031436289e-07,5.181086874658796e-07,3.9398168312614295e-07,2.342480796743349e-05
4.6314763661654386e-07,5.191342845989158e-07,3.9385683870870344e-07,2.3495619706388e-05
4.5960177739259273e-07,5.200122206848635e-07,3.935308323947483e-07,2.357411945303356e-05
4.5640963761990297e-07,5.207294316468407e-07,3.930163913295849e-07,2.3660774211190024e-05
4.535817947714604e-07,5.212729298698007e-07,3.923238438855804e-07,2.375648979145293e-05
4.5113619455960816e-07,5.21629665085467e-07,3.91461614289273e-07,2.3862392634388628e-05
4.4909910443958347e-07,5.217878192820348e-07,3.904375946055553e-07,2.3979623921778407e-05
4.475044895247576e-07,5.217385929206157e-07,3.8926047004454265e-07,2.410919061536359e-05
4.4639180228618743e-07,5.214756596335905e-07,3.879404721562329e-07,2.42518757748063e-05
4.458017325343692e-07,5.209930112100264e-07,3.8648846538388905e-07,2.440817832565589e-05
4.4577103204734256e-07,5.202844095342138e-07,3.8491413671414406e-07,2.45782646447878e-05
4.463280822476533e-07,5.193443113802365e-07,3.832259004227912e-07,2.476195845636093e-05
4.4749095960040684e-07,5.181676467959593e-07,3.814324510414525e-07,2.4958779280474284e-05
4.492678850388463e-07,5.167489913527462e-07,3.7954356650748787e-07,2.516798115619672e-05
4.5165766903085214e-07,5.15084354028549e-07,3.775697137020064e-07,2.5388550446203065e-05
4.546506376991909e-07,5.131743230351936e-07,3.7552129588215777e-07,2.561917658628405e-05
4.5823336788662997e-07,5.11023933780375e-07,3.734079059335864e-07,2.5858245198736998e-05
4.62396314733716e-07,5.086397507219987e-07,3.7123843839617037e-07,2.610391052308416e-05
4.67137740402001e-07,5.060277511111304e-07,3.690223586059613e-07,2.6354248541890755e-05
4.724601097838165e-07,5.031925177794647e-07,3.6677016804715636e-07,2.660741084598951e-05
4.783643429209032e-07,5.001374563337836e-07,3.6449205315981313e-07,2.6861715618192968e-05
4.848483495372629e-07,4.968659027889998e-07,3.6219682949524003e-07,2.711569371208581e-05
4.919073497983677e-07,4.933813803265691e-07,3.5989210723251133e-07,2.736811952176297e-05
4.99531176782369e-07,4.896866741009359e-07,3.575842366252397e-07,2.7618017408096773e-05
5.077005018414702e-07,4.857845875196319e-07,3.5527780522081717e-07,2.7864643460461742e-05
5.163856392106306e-07,4.816821057713175e-07,3.529757878420628e-07,2.8107462092062982e-05
5.255472892806329e-07,4.773945601664011e-07,3.506805177336709e-07,2.834609105282079e-05
5.351372327735961e-07,4.7294514451574144e-07,3.483945170075409e-07,2.8580167283528102e-05
5.450988605691842e-07,4.6836047552437456e-07,3.4612112868745453e-07,2.8809188266016564e-05
5.553685015608999e-07,4.6366694413262937e-07,3.43865495015768e-07,2.9032447724811933e-05
5.658783054717714e-07,4.588899445240754e-07,3.4163491115681894e-07,2.924906616467953e-05
5.765597976552947e-07,4.540534282187089e-07,3.3943750274582444e-07,2.9458024055216716e-05
5.873455789365219e-07,4.4917881678997146e-07,3.3728059726747787e-07,2.9658180462579328e-05
5.981700277602671e-07,4.442857030537651e-07,3.3517160671607377e-07,2.984831864499479e-05
6.089720417089328e-07,4.393932413691384e-07,3.3312068199895036e-07,3.0027210905444848e-05
6.196968854527915e-07,4.3451983740803387e-07,3.3114104945439075e-07,3.019364022907215e-05
6.302935009643681e-07,4.2968307208655453e-07,3.292470272306194e-07,3.034635167345141e-05
6.407110440836604e-07,4.2490055420931174e-07,3.274520883795312e-07,3.048399888819931e-05
6.508983589429933e-07,4.2019014793880135e-07,3.2576689184283234e-07,3.0605157582929144e-05
6.608048845991225e-07,4.1557019792662586e-07,3.241981987740776e-07,3.070840680889136e-05
6.703816410252801e-07,4.110599090034978e-07,3.2275005375244497e-07,3.0792457277227056e-05
6.795822975885585e-07,4.066799164690625e-07,3.2142656085372054e-07,3.0856303526716135e-05
6.88364529753445e-07,4.024545393265739e-07,3.2023489384917913e-07,3.0899330723592796e-05
6.966926631793434e-07,3.984129394725155e-07,3.1918621812327234e-07,3.0921307093211135e-05
7.04539980379e-07,3.945855633359713e-07,3.1829311944990426e-07,3.092226280652891e-05
7.118869308859911e-07,3.9099929803265406e-07,3.1756603722123e-07,3.090230961812261e-05
7.187168017072793e-07,3.8767507249181756e-07,3.170116984257449e-07,3.0861493314650626e-05
7.250144075948594e-07,3.846276102487656e-07,3.1663339807285e-07,3.079975595287672e-05
7.307676184908084e-07,3.818669656364209e-07,3.164323998849916e-07,3.0716987461221646e-05
7.35967446763194e-07,3.7939988410754923e-07,3.164098279103453e-07,3.0613094455621947e-05
7.406073808638924e-07,3.772293575925779e-07,3.165671353157153e-07,3.048809374462165e-05
7.446847069243076e-07,3.753546506750958e-07,3.169055203799689e-07,3.0342299392632958e-05
7.48201893882659e-07,3.737724556038301e-07,3.1742580315246146e-07,3.0176500746916443e-05
7.511644595497055e-07,3.724768422205259e-07,3.18127492769994e-07,2.999191856148153e-05
7.535763607405406e-07,3.714582448764646e-07,3.190073035018784e-07,2.9789985997399202e-05
7.554380990108591e-07,3.707035157052564e-07,3.200594260076763e-07,2.9572149658781e-05
7.567497522642749e-07,3.70197327202531e-07,3.2127711373824854e-07,2.933976899439824e-05
7.575149868481088e-07,3.6992426310031424e-07,3.2265376384986356e-07,2.909421543909589e-05
7.577413758603231e-07,3.698710701505621e-07,3.2418346037120873e-07,2.8837198838246502e-05
7.574371705399389e-07,3.7002784143458e-07,3.258614947022918e-07,2.857104559466065e-05
7.566085266006065e-07,3.7038657607466716e-07,3.276836865073104e-07,2.829868866968636e-05
7.552597785545488e-07,3.709380093964365e-07,3.296446833416033e-07,2.802346844093747e-05
7.533953576090992e-07,3.716698047355601e-07,3.317379742669398e-07,2.774891791565243e-05
7.510214117515367e-07,3.725667054172006e-07,3.339574632642345e-07,2.747855945577899e-05
7.481463776225138e-07,3.736108043296264e-07,3.362985286455249e-07,2.7215696665974176e-05
7.447796456914588e-07,3.747814699989344e-07,3.3875819891752385e-07,2.696323277544052e-05
7.409295283771055e-07,3.7605574629935994e-07,3.413336407817662e-07,2.6723563860231603e-05
7.366031012168666e-07,3.7741008811151574e-07,3.440195119500184e-07,2.649856874844831e-05
7.318076214370181e-07,3.788229520648844e-07,3.468075736589204e-07,2.6289655710977586e-05
7.26552016627357e-07,3.8027616733292506e-07,3.496893753719994e-07,2.6097779884281023e-05
7.208481600657514e-07,3.8175447937191246e-07,3.5265882707909865e-07,2.5923412351360626e-05
7.147114754844979e-07,3.8324432292940176e-07,3.5571231457533805e-07,2.576653809878605e-05
7.081610796061249e-07,3.8473305075766026e-07,3.588471442085597e-07,2.5626734421602687e-05
7.01219776884854e-07,3.862102603273529e-07,3.6205949621957564e-07,2.550330919253715e-05
6.939126083977896e-07,3.876700095895652e-07,3.6534212459509093e-07,2.539547039810297e-05
6.862647037407482e-07,3.8910995292195953e-07,3.6868285932582587e-07,2.5302491707652733e-05
6.78300920017424e-07,3.9052855663509476e-07,3.720652857026398e-07,2.5223810385852484e-05
6.700468465904468e-07,3.919246151129085e-07,3.754714621466949e-07,2.515903943726639e-05
6.615297755362196e-07,3.9329739191857046e-07,3.7888450609750424e-07,2.510794676685397e-05
6.52779038064936e-07,3.9464486556857707e-07,3.8228883805643594e-07,2.507042956080304e-05
6.438249101446864e-07,3.959637482810181e-07,3.856689456158842e-07,2.504646026398475e-05
6.346972573251835e-07,3.972545490512321e-07,3.8900883338262243e-07,2.503599037937648e-05
6.254252518837246e-07,3.9852757667256973e-07,3.922922221172633e-07,2.503882802086448e-05
6.160370032814011e-07,3.9980296675207217e-07,3.955035032899792e-07,2.505453370060004e-05
6.06559675512771e-07,4.011043458041917e-07,3.986303403886943e-07,2.508241468954099e-05
5.970218977593843e-07,4.02452727422848e-07,4.016661662921098e-07,2.512163046392002e-05
5.874565445053878e-07,4.038652307670643e-07,4.0460957398062477e-07,2.517127641247324e-05
5.779005204287363e-07,4.053561251585712e-07,4.0746084725896616e-07,2.5230363755159658e-05
5.683920240607741e-07,4.0693691898219104e-07,4.102187066330993e-07,2.529779055638839e-05
5.589692582657453e-07,4.086165573341758e-07,4.1288037074927936e-07,2.5372390276506212e-05
5.496716121658526e-07,4.1040159757972326e-07,4.1544429879577945e-07,2.5453011703653256e-05
5.405397097829907e-07,4.1229466649156385e-07,4.179109577890418e-07,2.5538535780728355e-05
5.31613521318948e-07,4.142936416842024e-07,4.202804566627508e-07,2.5627811765577027e-05
5.229313245520726e-07,4.1639402748565887e-07,4.225504920046617e-07,2.5719589682068e-05
5.14529503690068e-07,4.185917147901148e-07,4.247159183439557e-07,2.581252561284854e-05
5.064412820458472e-07,4.2088290316842296e-07,4.2676933420705034e-07,2.590528481608541e-05
4.986948159268004e-07,4.232626574148764e-07,4.2870281608392267e-07,2.5996675682153108e-05
4.913127374163729e-07,4.257251896896068e-07,4.305106575607237e-07,2.6085685866030482e-05
4.8431333391987e-07,4.2826658457705687e-07,4.321910359033001e-07,2.617141772391361e-05
4.777116885878745e-07,4.308882609832535e-07,4.3374421341633337e-07,2.6253031225690444e-05
4.715215230938831e-07,4.335982622676694e-07,4.351688947067104e-07,2.632970695247286e-05
4.657594293135436e-07,4.364088007395729e-07,4.3646040369825003e-07,2.640058007480257e-05
4.604482585346809e-07,4.3933148279742745e-07,4.376116921716238e-07,2.646468340960427e-05
4.5561447294038975e-07,4.423731511830306e-07,4.3861579057715615e-07,2.6520957353363824e-05
4.5128162084423763e-07,4.455340845856083e-07,4.3946717015998505e-07,2.656829288235867e-05
4.4746688676911725e-07,4.488078581929187e-07,4.401611127103385e-07,2.660555638868204e-05
4.4418081820866053e-07,4.521819868040714e-07,4.40692939695008e-07,2.663164884484624e-05
4.414264822599019e-07,4.5563994917119245e-07,4.4105806833313074e-07,2.6645693498616558e-05
4.391986706952621e-07,4.5916361586592033e-07,4.4125239971674025e-07,2.664725814109937e-05
4.374851167250856e-07,4.627336776926479e-07,4.4127234838767727e-07,2.663638502031324e-05
4.362711637674569e-07,4.6632892079111863e-07,4.4111423664900646e-07,2.6613415174229652e-05
4.3554653594431705e-07,4.6992650858481633e-07,4.407739910111181e-07,2.6578817732370185e-05
4.353078448345753e-07,4.735033723831931e-07,4.402474505757387e-07,2.6533183134716164e-05
4.355548172784785e-07,4.770378707362207e-07,4.395304210323576e-07,2.647731901375478e-05
4.3628670686620576e-07,4.805100392821299e-07,4.386185834576902e-07,2.641226608408169e-05
4.375020654664773e-07,4.83900285278098e-07,4.375085730708049e-07,2.6339211073197386e-05
4.3919754623171556e-07,4.871885333548079e-07,4.361998841765813e-07,2.625940776702897e-05
4.4136445262186526e-07,4.903541996630888e-07,4.346949540796043e-07,2.6174124552389717e-05
4.439875125073549e-07,4.933760779565359e-07,4.3299740098313724e-07,2.6084581475735752e-05
4.4704802981515493e-07,4.962319447611373e-07,4.3111125412264004e-07,2.5991890702858365e-05
4.5052787443243363e-07,4.988983056792521e-07,4.29041502613435e-07,2.5897031082752725e-05
4.5440957848465347e-07,5.013506181384917e-07,4.267947779762945e-07,2.580085421547502e-05
4.5867333279161453e-07,5.03563909434524e-07,4.2438022597614323e-07,2.5704087524169132e-05
4.632954976122657e-07,5.055132722791482e-07,4.218100807863093e-07,2.560730498331692e-05
4.682494885815012e-07,5.071741653865364e-07,4.190987963776987e-07,2.551087291579849e-05
4.73506670813593e-07,5.085236214499417e-07,4.162607862714783e-07,2.5414900950669352e-05
4.790366295032559e-07,5.095423532886979e-07,4.13308274440725e-07,2.531922789400032e-05
4.848086162623114e-07,5.102160128746172e-07,4.1025077372552063e-07,2.5223467300216266e-05
4.907951085998547e-07,5.105347640965643e-07,4.07096139931677e-07,2.5127109124163226e-05
4.96974900864891e-07,5.10492046554467e-07,4.0385182072750727e-07,2.502962312295365e-05
5.033322022122298e-07,5.100838312426147e-07,4.005251430632882e-07,2.4930500094082075e-05
5.098515975273794e-07,5.093086337125184e-07,3.9712263270580404e-07,2.4829230003487666e-05
5.165126930041776e-07,5.081676490404687e-07,3.93649122796853e-07,2.472527363831467e-05
5.232883848094132e-07,5.066640902863211e-07,3.901074336644817e-07,2.461807152380201e-05
5.30147253166989e-07,5.048014136890943e-07,3.864986195739268e-07,2.450709027979031e-05
5.37058991163164e-07,5.025818633244349e-07,3.828225148019585e-07,2.439187437939764e-05
5.440013392188357e-07,5.00006914278693e-07,3.7907903522710745e-07,2.4272062685959438e-05
5.509646985844655e-07,4.970797539138311e-07,3.752692961022273e-07,2.414736259052364e-05
5.579512382856292e-07,4.938085250014384e-07,3.713949235723893e-07,2.401751262135377e-05
5.649700585252837e-07,4.90207933752355e-07,3.674568558564947e-07,2.3882260625363392e-05
5.720315305392106e-07,4.862975641410387e-07,3.634556045714655e-07,2.374138541782029e-05
5.791421132405517e-07,4.820982188079214e-07,3.5939272167909095e-07,2.3594772120328118e-05
5.863024254298147e-07,4.77629387149651e-07,3.55271725534034e-07,2.344246168576935e-05
5.935106822969706e-07,4.7290885902971075e-07,3.510976556179903e-07,2.3284589425869745e-05
6.007668575927353e-07,4.6795354630638246e-07,3.468771154704727e-07,2.312126861039928e-05
6.080721459720203e-07,4.6278087138828e-07,3.4261921276161553e-07,2.2952535902697005e-05
6.15424627110225e-07,4.5740976253077795e-07,3.3833478943827565e-07,2.2778374379602414e-05
6.228158272702281e-07,4.5186060810777166e-07,3.340341186467484e-07,2.2598774376993453e-05
6.302318467191516e-07,4.4615484569131384e-07,3.297264696844092e-07,2.2413821878181923e-05
6.3765692877868e-07,4.4031503951871537e-07,3.2542302222646857e-07,2.2223763888099365e-05
6.450737101580681e-07,4.343656395291169e-07,3.211404821004361e-07,2.202899987540233e-05
6.524603456541946e-07,4.283328868902858e-07,3.169013427804612e-07,2.1830039098530355e-05
6.597898082996078e-07,4.2224284167556117e-07,3.127309664404711e-07,2.1627450513608608e-05
6.670314604133829e-07,4.16120532129439e-07,3.086559471237545e-07,2.14217925719432e-05
6.74151047199413e-07,4.099926056189924e-07,3.047054238970499e-07,2.1213550731292308e-05
6.811101096559605e-07,4.038897200221112e-07,3.009118614043821e-07,2.1003108058234712e-05
6.878680714356067e-07,3.978443171788934e-07,2.973084352676994e-07,2.0790741609713285e-05
6.943853627361507e-07,3.918865387260157e-07,2.9392455558367037e-07,2.0576665520442125e-05
7.006240120293649e-07,3.8604296066671273e-07,2.9078303133113514e-07,2.0361134290490522e-05
7.065462902350864e-07,3.8033719277885633e-07,2.879003202323991e-07,2.014453142880672e-05
7.121139917285791e-07,3.747900473882142e-07,2.852879874439229e-07,1.9927363620513847e-05
7.172887191314434e-07,3.694193365079117e-07,2.829539486582437e-07,1.971017866539776e-05
7.220327518856974e-07,3.642396166629172e-07,2.809046314147909e-07,1.9493501615619892e-05
7.263103450693952e-07,3.5926243470046844e-07,2.791477797063888e-07,1.9277846581401405e-05
7.30088549743421e-07,3.544972605366813e-07,2.7769312691248827e-07,1.9063730412833708e-05
7.333370926964749e-07,3.499520661512048e-07,2.765496776112228e-07,1.8851624331877968e-05
7.360279535148169e-07,3.4563366738529985e-07,2.757221213550747e-07,1.864189548520396e-05
7.381352957242496e-07,3.415488318017264e-07,2.752100616873711e-07,1.8434777667844586e-05
7.396362820385981e-07,3.377049328820813e-07,2.750109983034077e-07,1.82303668896462e-05
7.405134860762795e-07,3.3410939760948536e-07,2.751248783173631e-07,1.8028629127222395e-05
7.407582439462284e-07,3.3076957833305806e-07,2.755569285160309e-07,1.782940435772696e-05
7.403716452943107e-07,3.2769262420960284e-07,2.763165045014329e-07,1.7632413493701305e-05
7.393610161772984e-07,3.248836592767712e-07,2.774125492504405e-07,1.74372731242875e-05
7.377350979160602e-07,3.223434037163249e-07,2.7884898710272997e-07,1.7243512990421573e-05
7.355024710103334e-07,3.2006747639203987e-07,2.8062310762496825e-07,1.7050602448906992e-05
7.326726692403695e-07,3.180478337581613e-07,2.8272754201281335e-07,1.6857991843285903e-05
7.292568556127749e-07,3.162750237732132e-07,2.851540581896195e-07,1.66651689027781e-05
7.252679245276854e-07,3.147395076020471e-07,2.878964252980009e-07,1.647172471618067e-05
7.207210810974813e-07,3.134315239353023e-07,2.9095185423322284e-07,1.6277411562009147e-05
7.156339583846489e-07,3.123401716646439e-07,2.943219722249871e-07,1.6082176146555962e-05
7.100260678818007e-07,3.114527783489678e-07,2.980116571018341e-07,1.5886159415202037e-05
7.039204692437642e-07,3.107557014330193e-07,3.020245641385064e-07,1.5689657424896326e-05
6.973484669182008e-07,3.10235925617314e-07,3.0635985559346924e-07,1.5493063786853494e-05
6.903530612768389e-07,3.09881328769164e-07,3.110144426016365e-07,1.529682906833925e-05
6.829875951431863e-07,3.096795761996515e-07,3.159863815040308e-07,1.5101435849156411e-05
6.753102883070639e-07,3.096176488517251e-07,3.2127313895282987e-07,1.4907361039787171e-05
6.673788070756782e-07,3.0968258581632426e-07,3.2686673450386684e-07,1.4715017134336803e-05
6.592484387410688e-07,3.098618372231784e-07,3.327512575914776e-07,1.4524699985073984e-05
6.50972384033871e-07,3.1014262640159e-07,3.389042350393313e-07,1.4336577611172303e-05
6.426018194339038e-07,3.10511892120106e-07,3.452995780784418e-07,1.415072395874006e-05
6.341857984885231e-07,3.109569540684537e-07,3.5190922368142045e-07,1.396718013616528e-05
6.257703180723927e-07,3.1146505078387453e-07,3.5870282419067445e-07,1.378601279774569e-05
6.173965211343775e-07,3.120220210508941e-07,3.6564686366469883e-07,1.3607333124516646e-05
6.091002190559472e-07,3.126127801609555e-07,3.7270478677200853e-07,1.3431267902693616e-05
6.009131478459658e-07,3.1322450905735413e-07,3.7983866690078896e-07,1.3257911112846107e-05
5.92864945379441e-07,3.138498812349793e-07,3.870108226831654e-07,1.3087307591174535e-05
5.849852402126345e-07,3.1448725215934356e-07,3.9418346192415705e-07,1.291949014353461e-05
5.773035897394787e-07,3.1513877466140817e-07,4.013171656460783e-07,1.2754511813001125e-05
5.698469732029316e-07,3.1580925158043605e-07,4.083706079495811e-07,1.2592428405439295e-05
5.62639891765852e-07,3.165052476662277e-07,4.153028882066843e-07,1.2433275755579147e-05
5.55710351234166e-07,3.1723291580028745e-07,4.2207799663557156e-07,1.2277073558876475e-05
5.4909520089266e-07,3.179961074296973e-07,4.2866763971357703e-07,1.2123828297258458e-05
5.428358184716281e-07,3.187970246673662e-07,4.3504904715651295e-07,1.197354419078399e-05
5.369679841297943e-07,3.196378615793972e-07,4.4120138401693753e-07,1.1826280079647915e-05
5.31517147129749e-07,3.2052108797468e-07,4.471059464657007e-07,1.1682200820491988e-05
5.265010614315037e-07,3.214498307728193e-07,4.5274829051435135e-07,1.15415382564567e-05
5.219346683785615e-07,3.224284237755756e-07,4.581178396861453e-07,1.1404505028170563e-05
5.178346190617479e-07,3.23460798386667e-07,4.632048888563289e-07,1.1271276167875262e-05
5.142214447628129e-07,3.245482778644098e-07,4.6799783360032405e-07,1.1142068600034227e-05
5.111161530108462e-07,3.2568931526005304e-07,4.724822833380325e-07,1.1017278014704336e-05
5.08533864597303e-07,3.268806642423743e-07,4.7664168579282896e-07,1.0897607215428523e-05
5.064809720791696e-07,3.2811881151721397e-07,4.804586374164184e-07,1.078408147485774e-05
5.049557770992561e-07,3.2940097131289127e-07,4.839165954491269e-07,1.0677908168564535e-05
5.039492690335979e-07,3.307253752159195e-07,4.870012102446342e-07,1.0580281639690863e-05
5.034469562609137e-07,3.3209171063369305e-07,4.896999981887386e-07,1.0492259298709539e-05
5.034317844709295e-07,3.335023565263972e-07,4.920009620893217e-07,1.0414717126737705e-05
5.038842677639102e-07,3.349622134053418e-07,4.93891934696138e-07,1.0348310049223676e-05
5.047804571123723e-07,3.3647562278205896e-07,4.953608004559295e-07,1.029342759680699e-05
5.060922831796669e-07,3.3804339044931047e-07,4.963958982851167e-07,1.0250229177483211e-05
5.077892136555809e-07,3.396624356534285e-07,4.969866199904457e-07,1.02188241879423e-05
5.098385323017161e-07,3.41326975207817e-07,4.971247846092771e-07,1.0199502063421053e-05
5.122058310401885e-07,3.430293717452837e-07,4.968064881355347e-07,1.0192792646627647e-05
5.148563302075719e-07,3.4476035995166614e-07,4.960327315576944e-07,1.0199298463031447e-05
5.177555668602687e-07,3.46509758140923e-07,4.948084506095492e-07,1.0219470951064047e-05
5.208700593369468e-07,3.482678079442315e-07,4.931415415642095e-07,1.0253490274799748e-05
5.241693630170176e-07,3.5002556806331765e-07,4.91042606477308e-07,1.0301325138748428e-05
5.276279002839429e-07,3.5177367337129304e-07,4.885244510190121e-07,1.0362992477703618e-05
5.312246794465454e-07,3.535013088301793e-07,4.856008655310206e-07,1.0438854473615976e-05
5.349430917695182e-07,3.551965713471852e-07,4.822859429351997e-07,1.0529705668833155e-05
5.387715574571175e-07,3.5684722431235024e-07,4.785944775976966e-07,1.0636638912213872e-05
5.427015973832339e-07,3.5844154534003134e-07,4.74542229676025e-07,1.0760857332567452e-05
5.467237339396003e-07,3.5996949169472427e-07,4.701453022456176e-07,1.0903518498529966e-05
5.508254263092317e-07,3.6142374974072646e-07,4.65419321724609e-07,1.1065609885722698e-05
5.549909160838553e-07,3.6280017941842343e-07,4.603796239989206e-07,1.1247846345089824e-05
5.592001329375872e-07,3.640972991958109e-07,4.5504250939025717e-07,1.145059889594812e-05
5.634276981885076e-07,3.653148181614176e-07,4.4942621771233825e-07,1.1673869957053986e-05
5.676451343185834e-07,3.664519242834749e-07,4.4355059159415883e-07,1.1917299137483408e-05
5.718248872880964e-07,3.6750694524577706e-07,4.374360548117305e-07,1.2180165964913604e-05
5.759422791779377e-07,3.684792245884085e-07,4.3110282801339104e-07,1.246138864030322e-05
5.799768989139474e-07,3.6937063674124024e-07,4.2457045197177844e-07,1.2759558000769125e-05
5.839155097524856e-07,3.7018437168940295e-07,4.1785793600013006e-07,1.3073021486525987e-05
5.877519660746065e-07,3.7092344699683024e-07,4.1098434025794637e-07,1.3399981407505894e-05
5.914826570509414e-07,3.7159093736751216e-07,4.0396893685443383e-07,1.3738584594977915e-05
5.951031027470255e-07,3.721897440393504e-07,3.968315117356461e-07,1.4087010351222132e-05
5.986075836717971e-07,3.7272092264051337e-07,3.895943118194525e-07,1.4443536055740026e-05
6.019888114785716e-07,3.7318253646304776e-07,3.822844258917676e-07,1.4806547300798752e-05
6.052367100231704e-07,3.735698748532216e-07,3.749331563197162e-07,1.5174511395492352e-05
6.083377288327932e-07,3.7387602666373697e-07,3.675731221535179e-07,1.554594111723326e-05
6.11275819636399e-07,3.740924529044147e-07,3.6023631046133227e-07,1.5919340423654646e-05
6.140343700872676e-07,3.742095583817714e-07,3.5295270493462585e-07,1.6293143874469706e-05
6.16598246563701e-07,3.742170420537178e-07,3.4574880782635825e-07,1.6665675834449474e-05
6.189557127486996e-07,3.7410524058326577e-07,3.3864738591657903e-07,1.7035144133160345e-05
6.210983276876989e-07,3.738683660445054e-07,3.3166927535304563e-07,1.73997074491216e-05
6.230184572377453e-07,3.735067704187413e-07,3.248368582431292e-07,1.7757613228081104e-05
6.247077288676077e-07,3.7302534610156757e-07,3.181764811498188e-07,1.810728851012716e-05
6.261578587760026e-07,3.7243031303344e-07,3.117171017536664e-07,1.8447307820043948e-05
6.273608603923456e-07,3.717272205537817e-07,3.054869261248749e-07,1.8776317596776604e-05
6.283072475482885e-07,3.709197943758733e-07,2.995108004814446e-07,1.9093011907812967e-05
6.289852908179534e-07,3.7001003928803615e-07,2.938085980647564e-07,1.9396151565904025e-05
6.293826505138226e-07,3.69000252498571e-07,2.883947345705738e-07,1.9684582150652296e-05
6.294883709229912e-07,3.678950399262261e-07,2.832792228014026e-07,1.9957285655414472e-05
6.292945074125499e-07,3.6670181194145385e-07,2.784701495672591e-07,2.0213495728314397e-05
6.287972779833276e-07,3.65430309304249e-07,2.739765923969043e-07,2.0452786063172486e-05
6.279973258468124e-07,3.6409185235546047e-07,2.698095620192556e-07,2.067505702811384e-05
6.269021681531928e-07,3.6269845142045633e-07,2.659802149054717e-07,2.088043808925895e-05
6.255313213027951e-07,3.612612924056592e-07,2.624982356732015e-07,2.106916232168557e-05
6.239159276910222e-07,3.597891400598318e-07,2.5937267761098773e-07,2.1241475729858595e-05
6.220906720934533e-07,3.5828904924855214e-07,2.566142533691301e-07,2.1397584556326306e-05
6.200865668951846e-07,3.567691965857248e-07,2.542373240528011e-07,2.153761259625228e-05
6.17928888255878e-07,3.5524110040485297e-07,2.522609677733601e-07,2.1661590138011868e-05
6.156383879114048e-07,3.5372002184979797e-07,2.507080739515563e-07,2.176949840075208e-05
6.132334128286125e-07,3.5222380105315607e-07,2.496014861615787e-07,2.18613325138884e-05
6.1073079482897e-07,3.5077168911640085e-07,2.489596298211287e-07,2.193713851761797e-05
6.081453252687743e-07,3.493836449626001e-07,2.4879466270701514e-07,2.1997019954348408e-05
6.054884564432159e-07,3.480780578479671e-07,2.4911262950661193e-07,2.2041123396962188e-05
6.027667633015884e-07,3.468686021270504e-07,2.4991341249842884e-07,2.2069626121059576e-05
5.999817839310462e-07,3.45763611321758e-07,2.511900659331723e-07,2.208274674623231e-05
5.97131863329289e-07,3.4476825831758517e-07,2.529298807881824e-07,2.2080769617878028e-05
5.942142626697211e-07,3.438869270023299e-07,2.5511714645187174e-07,2.206405563661708e-05
5.912258442883439e-07,3.431239819549664e-07,2.5773408386994355e-07,2.2033016045751527e-05
5.881631703167135e-07,3.4248305573136986e-07,2.6075999108262693e-07,2.1988066153274333e-05
5.850230549675466e-07,3.419658099420281e-07,2.6417138684114185e-07,2.19295940914487e-05
5.818029542749903e-07,3.415711010373473e-07,2.679434194467458e-07,2.185795417342289e-05
5.785026201978406e-07,3.412956284875015e-07,2.720513566530139e-07,2.177347417855924e-05
5.751276093314136e-07,3.411358376756375e-07,2.7647168581021466e-07,2.167645365478812e-05
5.71690547711484e-07,3.4108881455206826e-07,2.811825123824646e-07,2.156714369052464e-05
5.682083718267913e-07,3.4115179045400626e-07,2.8616240370814644e-07,2.144572831199244e-05
5.646984252004072e-07,3.4132226516559854e-07,2.913884150137692e-07,2.131233145812947e-05
5.61176073845209e-07,3.415992462305049e-07,2.9683517054847533e-07,2.1167043205811727e-05
5.576541636560469e-07,3.4198445935050146e-07,3.024745408719328e-07,2.1009937089968866e-05
5.541432634175961e-07,3.424818522620525e-07,3.082750225813231e-07,2.0841073310040312e-05
5.506532622157715e-07,3.430951484280009e-07,3.14201755310554e-07,2.0660508373268167e-05
5.47196033010216e-07,3.4382630556629374e-07,3.202176079557888e-07,2.0468321082417206e-05
5.437852276909981e-07,3.446764199970555e-07,3.2628451427002394e-07,2.0264634549108216e-05
5.404325168261848e-07,3.456471248353287e-07,3.3236496423171306e-07,2.004961280222067e-05
5.371447954019989e-07,3.467413453072025e-07,3.384238237930758e-07,1.9823447389852544e-05
5.339243052942136e-07,3.479631754245462e-07,3.4442888873033056e-07,1.958635269990815e-05
5.307704727253727e-07,3.493160349062205e-07,3.5034906957357865e-07,1.9338562436841712e-05
5.276837615467101e-07,3.5080077112619264e-07,3.5615246789453564e-07,1.9080331500484734e-05
5.246694966302719e-07,3.5241589214231594e-07,3.618066153217135e-07,1.88119594285932e-05
5.217365095721248e-07,3.541586294027822e-07,3.672798440569313e-07,1.853382853564648e-05
5.188922507088612e-07,3.5602489640274633e-07,3.7254228893708453e-07,1.8246438946916227e-05
5.16140938675827e-07,3.5800790525122826e-07,3.775665670157908e-07,1.7950437316833177e-05
5.134845696298015e-07,3.600966135892309e-07,3.823285881754713e-07,1.764664025532623e-05
5.109227610061442e-07,3.622754170491817e-07,3.868083013005705e-07,1.7336033652633304e-05
5.08451677941843e-07,3.6452483118920846e-07,3.90989699910565e-07,1.701973878268954e-05
5.060643455406646e-07,3.668221131378985e-07,3.948612468071944e-07,1.6698973451244243e-05
5.037525797087303e-07,3.6914211281872476e-07,3.9841693480395347e-07,1.6375008999480897e-05
5.015083213097384e-07,3.714594177606896e-07,4.016551122330847e-07,1.604909423969202e-05
4.993232490030192e-07,3.7375093136874993e-07,4.045755800457543e-07,1.5722379374185776e-05
4.97188767812434e-07,3.759965992507415e-07,4.0717777824197567e-07,1.5395891547312685e-05
4.950975353440078e-07,3.781782061769947e-07,4.094600559293291e-07,1.5070544455924633e-05
4.930451368823751e-07,3.8027877449588344e-07,4.1142035442147923e-07,1.4747142515772498e-05
4.910301533661469e-07,3.822839765640824e-07,4.130585287831211e-07,1.4426379221666946e-05
4.890527863870871e-07,3.8418305494321365e-07,4.143777995003364e-07,1.4108880693004597e-05
4.871140538838027e-07,3.8596697681438337e-07,4.153843941809569e-07,1.3795337989020651e-05
4.852156066709222e-07,3.8762620275656493e-07,4.1608702571534793e-07,1.3486656589662873e-05
4.833585806931265e-07,3.8915156304419433e-07,4.1649619326997006e-07,1.3183997065765288e-05
4.815419801499806e-07,3.9053843057996396e-07,4.166227848778063e-07,1.2888691564484035e-05
4.797623200221307e-07,3.91789742563911e-07,4.1647713270814925e-07,1.2602102045147127e-05
4.780145771696647e-07,3.929138337730715e-07,4.160687776592611e-07,1.2325477398204135e-05
4.762938422635842e-07,3.9391994491069216e-07,4.154059540558032e-07,1.2059888053337751e-05
4.745973587337153e-07,3.9481578735047603e-07,4.144948645704256e-07,1.1806276624455815e-05
4.729260146002066e-07,3.9560793110507094e-07,4.1333983941911563e-07,1.1565524204327415e-05
4.7128488488944045e-07,3.963045242625538e-07,4.1194475597150604e-07,1.1338422745418594e-05
4.6968218866090344e-07,3.9691768772010867e-07,4.1031447568101285e-07,1.1125589085899902e-05
4.681258920508218e-07,3.974626031435789e-07,4.0845495165607815e-07,1.0927419548532667e-05
4.666203963962249e-07,3.979549229403608e-07,4.063726804764489e-07,1.0744109247963883e-05
4.6516614251619253e-07,3.984095584474738e-07,4.0407567836740715e-07,1.0575700396037391e-05
4.637607988077389e-07,3.988408559852905e-07,4.015762351435544e-07,1.0422130481605553e-05
4.6239996728596716e-07,3.992627618638772e-07,3.9889227748024047e-07,1.0283266706060663e-05
4.6107813018103047e-07,3.99687924875448e-07,3.9604539591670043e-07,1.0158976819453341e-05
4.597896701843196e-07,4.001259877232745e-07,3.930576520700233e-07,1.0049308778495765e-05
4.5852827952369355e-07,4.0058233639828866e-07,3.8994938565382157e-07,9.954668404422824e-06
4.572856744034493e-07,4.0105786330050203e-07,3.867381335879747e-07,9.87580434027538e-06
4.560512596822689e-07,4.015499916555596e-07,3.8343846453231567e-07,9.813635404302727e-06
4.548126764091568e-07,4.020542177018768e-07,3.800628577369818e-07,9.769067134174284e-06
4.535571659275136e-07,4.0256471687449644e-07,3.7662292043779337e-07,9.742863828249898e-06
4.522736412249053e-07,4.030742097914934e-07,3.731303988777699e-07,9.735663348615957e-06
4.509539097049261e-07,4.03573555750868e-07,3.695991247176737e-07,9.748165188340058e-06
4.4959197095556957e-07,4.040514407144704e-07,3.660469149572488e-07,9.78129608217253e-06
4.481833369181144e-07,4.0449506772809465e-07,3.624942787435535e-07,9.83617095158997e-06
4.4672596756079273e-07,4.048910366516362e-07,3.589614635410838e-07,9.91391333462201e-06
4.4522194073966894e-07,4.052252346874217e-07,3.554671690336464e-07,1.0015464136902063e-05
4.436791571062071e-07,4.05482858147484e-07,3.5202787085635683e-07,1.0141417495439753e-05
4.421123888656024e-07,4.0564974035244326e-07,3.486572102453325e-07,1.029191163019821e-05
4.405422054550522e-07,4.057140791069564e-07,3.4536692258934306e-07,1.0466622713610626e-05
4.389912691648674e-07,4.0566684901362274e-07,3.421683299867948e-07,1.0664849511936978e-05
4.3748048461401035e-07,4.055013828049248e-07,3.390730079162832e-07,1.0885611767660139e-05
4.3602865430752437e-07,4.052140449800642e-07,3.360924973070618e-07,1.1127721879278759e-05
4.346542860901365e-07,4.048047915892379e-07,3.33237133709092e-07,1.1389847888180867e-05
4.333753113639489e-07,4.0427550413612546e-07,3.3051469315216014e-07,1.167057484830848e-05
4.322075217618189e-07,4.036277642849018e-07,3.279298037968721e-07,1.1968452830965472e-05
4.311637716423268e-07,4.028625369815536e-07,3.254855288837037e-07,1.2282038144554586e-05
4.3025311415965655e-07,4.019810245272515e-07,3.231864072736598e-07,1.2609943158561326e-05
4.294805984678553e-07,4.0098455940120393e-07,3.210386580621213e-07,1.295089134897958e-05
4.288478625240637e-07,3.99873655289216e-07,3.1904714008220787e-07,1.3303753651735948e-05
4.283530056846435e-07,3.9864768683723787e-07,3.172140141571122e-07,1.3667541958827662e-05
4.279912225555817e-07,3.973054076141477e-07,3.1554008050518057e-07,1.4041365011476404e-05
4.277567893663125e-07,3.958457385810114e-07,3.1402538841180604e-07,1.442436081115482e-05
4.2764413931381783e-07,3.9426816242998473e-07,3.126691633851518e-07,1.4815592219925687e-05
4.276473978573379e-07,3.925732607951032e-07,3.1147160214793977e-07,1.5213924709753515e-05
4.2775904713111355e-07,3.907650754130353e-07,3.104361885698692e-07,1.561797389875259e-05
4.2796899378261e-07,3.888534437619011e-07,3.095686210829934e-07,1.6026171141819367e-05
4.2826506815647717e-07,3.868523933003349e-07,3.0887292839552147e-07,1.6436910500712226e-05
4.2863400957184156e-07,3.847759476128805e-07,3.083491083966018e-07,1.6848742951091333e-05
4.2906228894345435e-07,3.82635944287564e-07,3.0799324005855305e-07,1.7260573191164394e-05
4.295371171044777e-07,3.804427137696783e-07,3.0779801680073e-07,1.7671761327102378e-05
4.3004683075607273e-07,3.7820617055536644e-07,3.077530750818871e-07,1.808209651441319e-05
4.3058018403524744e-07,3.7593569489926477e-07,3.0784514701425124e-07,1.8491731489817665e-05
4.311269418126792e-07,3.736396544681332e-07,3.080581010469861e-07,1.8901153280234758e-05
4.316816442290105e-07,3.713260105279629e-07,3.0837415471435565e-07,1.931115308990608e-05
4.3224647097666883e-07,3.690034577129649e-07,3.087765400013428e-07,1.9722706790648773e-05
4.328285628687007e-07,3.6668220676103227e-07,3.0925162081707365e-07,2.0136758398463823e-05
4.3343689043029633e-07,3.6437454324584077e-07,3.09789396164828e-07,2.0554007945101208e-05
4.340856871163863e-07,3.620946644963746e-07,3.103829773049077e-07,2.097478037088073e-05
4.347992731310956e-07,3.5985727691373744e-07,3.110274940715655e-07,2.139896291461704e-05
4.3560961380034533e-07,3.576757018754503e-07,3.1171973944790895e-07,2.182601941615513e-05
4.365488143970894e-07,3.55561112984778e-07,3.124595191967127e-07,2.2255141541553197e-05
4.3764436600468044e-07,3.535246400811917e-07,3.1325020867635945e-07,2.2685482915531484e-05
4.38919750719147e-07,3.5158203930099614e-07,3.140961175918051e-07,2.311629380479264e-05
4.403964795997874e-07,3.497580570141241e-07,3.1499915459536856e-07,2.354688394048229e-05
4.420946795250099e-07,3.480878384115633e-07,3.1595805988749585e-07,2.3976508189605732e-05
4.4403616583009606e-07,3.466137518429396e-07,3.1696898680885483e-07,2.4404287624353187e-05
4.462501641483613e-07,3.4537813951068e-07,3.180252111004612e-07,2.482921034758177e-05
4.48772469046677e-07,3.444163109424009e-07,3.191166713208661e-07,2.5250186990901384e-05
4.5163596505764103e-07,3.437532294890225e-07,3.2023041293938433e-07,2.5666145156014068e-05
4.548622895580703e-07,3.4340334622054147e-07,3.213513860695521e-07,2.607621666391661e-05
4.584610579642751e-07,3.4337224601519194e-07,3.22462969307681e-07,2.648002582739073e-05
4.624331807696004e-07,3.4365881191202004e-07,3.2354724798499045e-07,2.687789609603373e-05
4.667725725039177e-07,3.442566576211638e-07,3.245856438552713e-07,2.727078535763304e-05
4.7146678222165576e-07,3.4515565393833797e-07,3.255608251875326e-07,2.7660019410683343e-05
4.764996804951393e-07,3.463448141181357e-07,3.2645862738071444e-07,2.8046995727428663e-05
4.81853848038769e-07,3.47814841625022e-07,3.272675933473557e-07,2.843292837500372e-05
4.875094088244463e-07,3.4955854624121045e-07,3.27977399804182e-07,2.8818718962230297e-05
4.934417624928607e-07,3.515708142891673e-07,3.285784795275138e-07,2.9205060490725207e-05
4.996218558159943e-07,3.5384914345463146e-07,3.29062431521461e-07,2.9592667002537072e-05
5.060187598119941e-07,3.563929636471493e-07,3.2942256666500073e-07,2.998238802470401e-05
5.126024358983523e-07,3.5920214211668866e-07,3.296546818858883e-07,3.037516997634582e-05
5.193472083461109e-07,3.62276905389668e-07,3.297575857736361e-07,3.077196526935145e-05
5.262374795467693e-07,3.6561772280449597e-07,3.297323372455925e-07,3.117362503993585e-05
5.332704858296417e-07,3.6922293987302324e-07,3.2958017264613664e-07,3.1580799714183566e-05
5.404498421389492e-07,3.730861233055493e-07,3.2930073912585845e-07,3.199388364818867e-05
5.477756068264968e-07,3.771950808816851e-07,3.288917722376449e-07,3.241300272505056e-05
5.55239299713163e-07,3.8153237438106396e-07,3.283496937542819e-07,3.283802465053619e-05
5.628231115382292e-07,3.86077326682789e-07,3.276703168938161e-07,3.326857576556649e-05
5.705005645534247e-07,3.9080900295504714e-07,3.268496495674509e-07,3.370404033788827e-05
5.782379893171204e-07,3.9570907641215117e-07,3.258847480575548e-07,3.414352189260847e-05
5.859963257500458e-07,4.007634784968667e-07,3.24773723121176e-07,3.4585774066622644e-05
5.937338199711617e-07,4.0596172136383963e-07,3.235148136324656e-07,3.502913850419623e-05
6.014091340229386e-07,4.1129445258372077e-07,3.221057998692619e-07,3.5471553964742953e-05
6.089822781118978e-07,4.1675134501237407e-07,3.2054413818330414e-07,3.591067134608687e-05
6.16413396899809e-07,4.223199661140293e-07,3.188273922456868e-07,3.6344013774451506e-05
6.236619296696804e-07,4.2798455067084325e-07,3.169542224506228e-07,3.6769096962223976e-05
6.306863424439943e-07,4.337248607987903e-07,3.149256804562407e-07,3.718351562590998e-05
6.374440773233429e-07,4.39516206521014e-07,3.1274518943791234e-07,3.7585040234104514e-05
6.438923606910711e-07,4.453300992700344e-07,3.1041709617216696e-07,3.797168986152365e-05
6.499889759838054e-07,4.511351176530123e-07,3.079457666222805e-07,3.8341717368442506e-05
6.55692474916435e-07,4.568988506473904e-07,3.0533564310456884e-07,3.8693531569960104e-05
6.609628503144084e-07,4.625900559688344e-07,3.025919183331915e-07,3.902562213248329e-05
6.657624453589408e-07,4.6817963548278893e-07,2.997222290686587e-07,3.933649591338583e-05
6.700567384031138e-07,4.7364213698373995e-07,2.967376984936749e-07,3.962463773374582e-05
6.7381506514638e-07,4.789584822377183e-07,2.936516467662539e-07,3.988854210346336e-05
6.77010284416893e-07,4.841160224393604e-07,2.904778723849129e-07,4.012679298318163e-05
6.796180366159873e-07,4.891041867278243e-07,2.872302432891918e-07,4.0338128714691086e-05
6.816173342152632e-07,4.939105191755061e-07,2.8392301831420714e-07,4.0521476926827994e-05
6.829918135149051e-07,4.985208830041896e-07,2.8057132365227716e-07,4.067596670683952e-05
6.837302870883503e-07,5.02921184690445e-07,2.7719104352467707e-07,4.080093035164425e-05
6.838267585785692e-07,5.070973972032568e-07,2.737978953178979e-07,4.089587707134132e-05
6.832804196965978e-07,5.110351722576659e-07,2.704071508198557e-07,4.096040164196529e-05
6.820958554576973e-07,5.147212613296082e-07,2.670343325962124e-07,4.099407690075909e-05
6.802836860979338e-07,5.181450726094084e-07,2.636960555352459e-07,4.099642656863159e-05
6.778615953266004e-07,5.212974087423111e-07,2.604115912621389e-07,4.096701676033489e-05
6.748559735567507e-07,5.241681487361454e-07,2.572045327642405e-07,4.090562855145186e-05
6.713027527179681e-07,5.267470516508933e-07,2.541023283762484e-07,4.081239443201968e-05
6.672455241622124e-07,5.29027525806398e-07,2.511337175067307e-07,4.0687796391647526e-05
6.627333606197692e-07,5.310099998363915e-07,2.483260203238389e-07,4.053255502885234e-05
6.57819065552493e-07,5.327025909632639e-07,2.4570404647922816e-07,4.03474891062026e-05
6.525556278545082e-07,5.341182233924375e-07,2.432901559350575e-07,4.013338612342541e-05
6.469931936068339e-07,5.352698935528753e-07,2.411036451382513e-07,3.989092768874279e-05
6.411787711180106e-07,5.36167780965301e-07,2.391599093848307e-07,3.962068548209615e-05
6.35156850902125e-07,5.368190302793087e-07,2.374702300462361e-07,3.9323137436983346e-05
6.289686957301453e-07,5.372280798255802e-07,2.3604188722484712e-07,3.8998684994905126e-05
6.226502768248581e-07,5.373973686239789e-07,2.3487910045965253e-07,3.864775869897729e-05
6.162318850840461e-07,5.373289649013358e-07,2.339848642142932e-07,3.827109823283305e-05
6.097406431649999e-07,5.370249071922081e-07,2.333622929150266e-07,3.787006778218865e-05
6.032027726431643e-07,5.36485555110646e-07,2.3301442286869411e-07,3.744672571490188e-05
5.966429968560796e-07,5.357085816409027e-07,2.3294271271971536e-07,3.700360905423284e-05
5.90082920073771e-07,5.34689564343381e-07,2.3314638988804842e-07,3.6543433154116916e-05
5.835417256018841e-07,5.334231723899402e-07,2.3362471318607807e-07,3.6068886939234216e-05
5.770378014478948e-07,5.319045817276124e-07,2.343795638386989e-07,3.558262050369269e-05
5.705885977916311e-07,5.301310258941215e-07,2.3541533362125934e-07,3.508734726246701e-05
5.642100112280184e-07,5.28102346955244e-07,2.367376287411304e-07,3.4585870711483256e-05
5.579159024094924e-07,5.258193571345923e-07,2.383520568059849e-07,3.4081005719777755e-05
5.517172331677944e-07,5.232817144450029e-07,2.4026318784292264e-07,3.3575484060351084e-05
5.456215629064549e-07,5.204879789079278e-07,2.424737287287949e-07,3.307188064379076e-05
5.396332415028574e-07,5.174372528450942e-07,2.449827888910704e-07,3.2572559274631e-05
5.337548918415743e-07,5.141303667302995e-07,2.4778367231788177e-07,3.207964081284552e-05
5.279888581143186e-07,5.105709618250579e-07,2.5086286988189374e-07,3.159499610946371e-05
5.223361661132786e-07,5.067673392872431e-07,2.542004964681893e-07,3.1120259020114914e-05
5.167954879233431e-07,5.027332022823291e-07,2.5777162323225264e-07,3.0656857874516216e-05
5.113649936022005e-07,4.984860710348488e-07,2.615477416230812e-07,3.0206052072162207e-05
5.060439785020295e-07,4.940461928826353e-07,2.654977481880021e-07,2.976893181360896e-05
5.008318111697712e-07,4.894383583029104e-07,2.695888942263596e-07,2.9346364274320648e-05
4.957280484946037e-07,4.846935475927793e-07,2.737889711235076e-07,2.8938932764441993e-05
4.907356776832354e-07,4.798462090138464e-07,2.7806999647674645e-07,2.8546911263330925e-05
4.858623568775959e-07,4.749296427349146e-07,2.824105517356181e-07,2.8170266161292204e-05
4.811172643818741e-07,4.69974874888832e-07,2.867939398283997e-07,2.780868520958434e-05
4.7650799621902324e-07,4.6501298279139604e-07,2.912047005819607e-07,2.746164217519673e-05
4.7204081662562106e-07,4.600767741141897e-07,2.9562702271025746e-07,2.7128465228393727e-05
